-1457455	-377723
-1457355	-377723
-1457446	-377763
-1457538	-377802
-1457627	-377847
-1457719	-377888
-1457812	-377924
-1457894	-377980
-1457979	-378034
-1458074	-378066
-1458170	-378094
-1458265	-378122
-1458360	-378156
-1458453	-378192
-1458546	-378227
-1458638	-378269
-1458730	-378306
-1458823	-378345
-1458914	-378386
-1459005	-378425
-1459098	-378462
-1459191	-378499
-1459285	-378535
-1459378	-378570
-1459472	-378604
-1459567	-378635
-1459662	-378668
-1459756	-378702
-1459849	-378737
-1459943	-378773
-1460037	-378808
-1460130	-378842
-1460224	-378876
-1460318	-378911
-1460411	-378947
-1460505	-378982
-1460598	-379018
-1460692	-379055
-1460785	-379091
-1460878	-379128
-1460971	-379165
-1461064	-379202
-1461156	-379241
-1461249	-379278
-1461341	-379315
-1461433	-379354
-1461525	-379393
-1461617	-379434
-1461707	-379476
-1461798	-379520
-1461889	-379559
-1461980	-379602
-1462071	-379644
-1462163	-379683
-1462254	-379723
-1462346	-379764
-1462438	-379801
-1462529	-379845
-1462617	-379890
-1462706	-379938
-1462792	-379989
-1462879	-380036
-1462963	-380092
-1463050	-380141
-1463134	-380194
-1463219	-380249
-1463307	-380296
-1463396	-380342
-1463485	-380387
-1463571	-380438
-1463657	-380489
-1463743	-380540
-1463828	-380593
-1463912	-380646
-1463994	-380704
-1464073	-380766
-1464152	-380827
-1464234	-380884
-1464316	-380942
-1464396	-381001
-1464482	-381053
-1464569	-381102
-1464655	-381152
-1464742	-381203
-1464831	-381248
-1464922	-381290
-1465013	-381331
-1465100	-381380
-1465188	-381427
-1465280	-381465
-1465374	-381499
-1465470	-381529
-1465567	-381554
-1465664	-381578
-1465764	-381574
-1465863	-381559
-1465962	-381544
-1466060	-381524
-1466159	-381535
-1466259	-381544
-1466355	-381570
-1466449	-381603
-1466544	-381637
-1466632	-381685
-1466714	-381740
-1466800	-381791
-1466887	-381842
-1466974	-381892
-1467061	-381941
-1467148	-381990
-1467234	-382041
-1467323	-382087
-1467410	-382136
-1467499	-382180
-1467591	-382222
-1467675	-382276
-1467760	-382328
-1467846	-382380
-1467933	-382429
-1468022	-382473
-1468113	-382516
-1468203	-382560
-1468293	-382601
-1468384	-382644
-1468475	-382685
-1468565	-382727
-1468657	-382767
-1468749	-382807
-1468842	-382845
-1468935	-382882
-1469027	-382918
-1469119	-382959
-1469211	-382999
-1469304	-383035
-1469397	-383072
-1469490	-383108
-1469584	-383143
-1469677	-383178
-1469771	-383215
-1469862	-383256
-1469953	-383295
-1470045	-383336
-1470136	-383376
-1470225	-383422
-1470310	-383474
-1470394	-383530
-1470482	-383578
-1470570	-383625
-1470659	-383671
-1470748	-383716
-1470835	-383764
-1470924	-383811
-1471013	-383857
-1471102	-383901
-1471192	-383946
-1471281	-383990
-1471371	-384036
-1471460	-384081
-1471550	-384125
-1471640	-384168
-1471730	-384212
-1471822	-384251
-1471913	-384293
-1472004	-384332
-1472097	-384371
-1472188	-384413
-1472278	-384456
-1472369	-384497
-1472460	-384537
-1472552	-384579
-1472642	-384620
-1472733	-384664
-1472822	-384707
-1472911	-384755
-1472999	-384802
-1473086	-384851
-1473176	-384893
-1473267	-384936
-1473358	-384978
-1473450	-385017
-1473541	-385058
-1473632	-385100
-1473723	-385142
-1473814	-385181
-1473906	-385221
-1473998	-385261
-1474090	-385300
-1474181	-385342
-1474272	-385384
-1474362	-385425
-1474453	-385468
-1474543	-385510
-1474633	-385556
-1474722	-385599
-1474811	-385647
-1474902	-385688
-1474990	-385734
-1475079	-385779
-1475169	-385824
-1475259	-385868
-1475348	-385914
-1475438	-385957
-1475529	-385999
-1475621	-386037
-1475713	-386077
-1475806	-386112
-1475898	-386151
-1475991	-386190
-1476084	-386227
-1476177	-386264
-1476269	-386300
-1476365	-386328
-1476461	-386358
-1476557	-386388
-1476652	-386419
-1476746	-386450
-1476841	-386482
-1476936	-386516
-1477030	-386550
-1477120	-386591
-1477210	-386635
-1477294	-386691
-1477381	-386738
-1477469	-386786
-1477554	-386838
-1477637	-386896
-1477721	-386948
-1477805	-387003
-1477894	-387048
-1477982	-387096
-1478070	-387144
-1478157	-387192
-1478245	-387242
-1478329	-387294
-1478412	-387352
-1478494	-387407
-1478581	-387457
-1478669	-387505
-1478757	-387552
-1478845	-387601
-1478934	-387645
-1479022	-387694
-1479112	-387735
-1479204	-387777
-1479293	-387821
-1479385	-387860
-1479475	-387903
-1479567	-387942
-1479659	-387982
-1479751	-388020
-1479844	-388058
-1479936	-388096
-1480030	-388132
-1480122	-388170
-1480214	-388209
-1480306	-388248
-1480399	-388287
-1480491	-388325
-1480582	-388366
-1480673	-388407
-1480763	-388451
-1480853	-388494
-1480944	-388537
-1481035	-388578
-1481126	-388620
-1481218	-388659
-1481309	-388700
-1481400	-388740
-1481492	-388780
-1481584	-388820
-1481676	-388858
-1481768	-388898
-1481860	-388937
-1481952	-388977
-1482044	-389016
-1482135	-389056
-1482227	-389096
-1482319	-389135
-1482412	-389172
-1482505	-389210
-1482598	-389246
-1482691	-389282
-1482783	-389321
-1482875	-389360
-1482966	-389402
-1483056	-389445
-1483147	-389488
-1483235	-389535
-1483323	-389582
-1483411	-389631
-1483495	-389684
-1483580	-389736
-1483669	-389782
-1483759	-389827
-1483850	-389868
-1483941	-389908
-1484034	-389947
-1484122	-389994
-1484210	-390042
-1484297	-390091
-1484386	-390136
-1484477	-390177
-1484563	-390228
-1484651	-390275
-1484739	-390323
-1484828	-390369
-1484916	-390416
-1485004	-390463
-1485089	-390517
-1485176	-390566
-1485261	-390618
-1485349	-390667
-1485436	-390715
-1485522	-390766
-1485602	-390826
-1485684	-390884
-1485768	-390938
-1485853	-390990
-1485939	-391041
-1486022	-391098
-1486107	-391150
-1486193	-391201
-1486284	-391241
-1486374	-391286
-1486463	-391331
-1486554	-391373
-1486645	-391415
-1486735	-391457
-1486826	-391498
-1486919	-391536
-1487013	-391571
-1487107	-391605
-1487200	-391640
-1487294	-391676
-1487386	-391713
-1487478	-391753
-1487571	-391791
-1487663	-391829
-1487756	-391866
-1487849	-391902
-1487942	-391939
-1488036	-391973
-1488131	-392005
-1488227	-392034
-1488322	-392065
-1488417	-392095
-1488511	-392128
-1488605	-392163
-1488699	-392197
-1488793	-392231
-1488888	-392263
-1488983	-392295
-1489077	-392328
-1489171	-392363
-1489265	-392396
-1489359	-392430
-1489452	-392466
-1489546	-392502
-1489639	-392539
-1489732	-392575
-1489824	-392613
-1489914	-392657
-1490005	-392698
-1490097	-392739
-1490190	-392774
-1490285	-392806
-1490379	-392841
-1490471	-392879
-1490564	-392917
-1490656	-392955
-1490749	-392992
-1490842	-393030
-1490934	-393069
-1491026	-393108
-1491118	-393147
-1491211	-393184
-1491304	-393221
-1491396	-393259
-1491489	-393297
-1491581	-393336
-1491676	-393368
-1491770	-393400
-1491865	-393432
-1491958	-393469
-1492050	-393508
-1492142	-393547
-1492235	-393584
-1492327	-393624
-1492419	-393664
-1492511	-393703
-1492598	-393752
-1492686	-393799
-1492775	-393844
-1492863	-393893
-1492950	-393941
-1493043	-393979
-1493136	-394015
-1493230	-394049
-1493323	-394085
-1493416	-394123
-1493508	-394162
-1493600	-394201
-1493690	-394245
-1493782	-394283
-1493875	-394319
-1493969	-394355
-1494062	-394390
-1494157	-394423
-1494251	-394457
-1494345	-394491
-1494438	-394527
-1494531	-394563
-1494624	-394600
-1494717	-394637
-1494809	-394676
-1494901	-394715
-1494993	-394754
-1495086	-394791
-1495180	-394827
-1495273	-394862
-1495367	-394896
-1495461	-394931
-1495555	-394966
-1495649	-395000
-1495743	-395034
-1495836	-395069
-1495930	-395105
-1496023	-395140
-1496117	-395175
-1496211	-395210
-1496305	-395245
-1496399	-395278
-1496493	-395313
-1496586	-395348
-1496679	-395385
-1496773	-395421
-1496866	-395457
-1496960	-395492
-1497053	-395528
-1497146	-395565
-1497239	-395601
-1497332	-395637
-1497425	-395675
-1497516	-395716
-1497606	-395760
-1497696	-395803
-1497787	-395846
-1497876	-395890
-1497967	-395933
-1498058	-395974
-1498149	-396015
-1498240	-396057
-1498331	-396098
-1498421	-396141
-1498511	-396184
-1498602	-396226
-1498693	-396267
-1498784	-396310
-1498873	-396354
-1498964	-396397
-1499054	-396439
-1499145	-396481
-1499236	-396523
-1499326	-396566
-1499416	-396610
-1499506	-396654
-1499596	-396698
-1499686	-396741
-1499776	-396785
-1499865	-396829
-1499955	-396874
-1500044	-396919
-1500133	-396965
-1500220	-397014
-1500307	-397064
-1500393	-397115
-1500479	-397165
-1500566	-397215
-1500651	-397267
-1500736	-397320
-1500823	-397369
-1500909	-397421
-1500995	-397472
-1501081	-397523
-1501168	-397572
-1501255	-397622
-1501342	-397671
-1501430	-397718
-1501517	-397767
-1501605	-397815
-1501693	-397863
-1501780	-397912
-1501868	-397960
-1501955	-398008
-1502044	-398055
-1502131	-398103
-1502220	-398150
-1502307	-398198
-1502396	-398245
-1502483	-398293
-1502571	-398342
-1502658	-398391
-1502745	-398440
-1502833	-398488
-1502920	-398537
-1503006	-398587
-1503092	-398638
-1503178	-398690
-1503263	-398743
-1503347	-398797
-1503430	-398853
-1503513	-398908
-1503597	-398963
-1503680	-399018
-1503764	-399072
-1503848	-399127
-1503931	-399182
-1504015	-399237
-1504099	-399291
-1504183	-399345
-1504267	-399399
-1504352	-399453
-1504436	-399507
-1504521	-399560
-1504606	-399612
-1504692	-399663
-1504778	-399714
-1504864	-399765
-1504951	-399815
-1505037	-399866
-1505123	-399917
-1505209	-399967
-1505295	-400018
-1505382	-400068
-1505465	-400123
-1505552	-400173
-1505638	-400224
-1505723	-400276
-1505809	-400327
-1505894	-400380
-1505977	-400436
-1506059	-400493
-1506141	-400550
-1506223	-400608
-1506305	-400665
-1506387	-400722
-1506471	-400777
-1506552	-400835
-1506635	-400891
-1506718	-400947
-1506801	-401003
-1506881	-401062
-1506962	-401122
-1507041	-401182
-1507120	-401244
-1507199	-401305
-1507279	-401365
-1507361	-401423
-1507442	-401481
-1507525	-401537
-1507608	-401593
-1507691	-401649
-1507774	-401704
-1507858	-401758
-1507942	-401813
-1508025	-401868
-1508109	-401922
-1508194	-401976
-1508278	-402030
-1508362	-402084
-1508446	-402138
-1508530	-402192
-1508615	-402245
-1508699	-402299
-1508784	-402352
-1508868	-402406
-1508952	-402461
-1509035	-402516
-1509118	-402572
-1509202	-402627
-1509284	-402683
-1509367	-402739
-1509448	-402798
-1509530	-402855
-1509612	-402912
-1509695	-402969
-1509775	-403028
-1509856	-403087
-1509937	-403146
-1510018	-403205
-1510098	-403264
-1510181	-403321
-1510262	-403379
-1510343	-403437
-1510425	-403494
-1510506	-403553
-1510588	-403610
-1510669	-403669
-1510751	-403727
-1510832	-403786
-1510913	-403844
-1510994	-403902
-1511075	-403961
-1511157	-404019
-1511238	-404077
-1511319	-404136
-1511400	-404195
-1511480	-404254
-1511561	-404312
-1511642	-404371
-1511722	-404431
-1511803	-404490
-1511883	-404550
-1511965	-404608
-1512045	-404667
-1512126	-404726
-1512206	-404786
-1512286	-404846
-1512367	-404904
-1512447	-404964
-1512528	-405023
-1512609	-405082
-1512691	-405140
-1512772	-405199
-1512852	-405258
-1512934	-405315
-1513017	-405372
-1513099	-405428
-1513182	-405484
-1513266	-405539
-1513348	-405596
-1513431	-405652
-1513514	-405708
-1513596	-405764
-1513679	-405821
-1513760	-405879
-1513842	-405936
-1513925	-405993
-1514007	-406050
-1514089	-406107
-1514169	-406166
-1514250	-406226
-1514331	-406284
-1514412	-406343
-1514493	-406402
-1514574	-406460
-1514656	-406518
-1514737	-406576
-1514818	-406635
-1514899	-406694
-1514979	-406754
-1515059	-406813
-1515141	-406871
-1515221	-406930
-1515303	-406988
-1515386	-407043
-1515470	-407098
-1515555	-407151
-1515640	-407204
-1515724	-407258
-1515809	-407311
-1515894	-407363
-1515979	-407415
-1516065	-407467
-1516150	-407519
-1516236	-407570
-1516322	-407622
-1516406	-407675
-1516491	-407729
-1516574	-407784
-1516657	-407840
-1516740	-407896
-1516821	-407954
-1516904	-408010
-1516986	-408067
-1517069	-408123
-1517151	-408180
-1517233	-408237
-1517316	-408294
-1517397	-408352
-1517479	-408409
-1517562	-408465
-1517644	-408522
-1517726	-408579
-1517806	-408639
-1517889	-408696
-1517971	-408753
-1518053	-408810
-1518134	-408868
-1518215	-408927
-1518297	-408985
-1518378	-409043
-1518459	-409101
-1518541	-409158
-1518623	-409216
-1518704	-409274
-1518785	-409333
-1518865	-409393
-1518944	-409454
-1519024	-409514
-1519103	-409575
-1519182	-409636
-1519261	-409698
-1519341	-409758
-1519422	-409816
-1519501	-409878
-1519580	-409939
-1519659	-410000
-1519737	-410063
-1519815	-410125
-1519893	-410188
-1519972	-410249
-1520051	-410310
-1520130	-410372
-1520210	-410432
-1520289	-410493
-1520368	-410554
-1520447	-410615
-1520528	-410674
-1520610	-410732
-1520692	-410789
-1520775	-410845
-1520860	-410898
-1520944	-410952
-1521028	-411006
-1521113	-411059
-1521198	-411111
-1521283	-411164
-1521367	-411218
-1521452	-411271
-1521537	-411324
-1521621	-411378
-1521707	-411429
-1521793	-411480
-1521879	-411531
-1521966	-411581
-1522052	-411631
-1522138	-411682
-1522226	-411731
-1522312	-411781
-1522399	-411830
-1522487	-411878
-1522575	-411925
-1522663	-411974
-1522750	-412022
-1522837	-412071
-1522925	-412120
-1523013	-412166
-1523102	-412213
-1523189	-412261
-1523277	-412309
-1523365	-412357
-1523453	-412404
-1523541	-412451
-1523630	-412498
-1523719	-412544
-1523808	-412589
-1523897	-412634
-1523986	-412679
-1524076	-412724
-1524165	-412770
-1524253	-412816
-1524342	-412862
-1524432	-412907
-1524520	-412953
-1524610	-412998
-1524699	-413043
-1524788	-413088
-1524878	-413133
-1524966	-413180
-1525055	-413226
-1525143	-413273
-1525231	-413320
-1525318	-413369
-1525407	-413416
-1525494	-413464
-1525583	-413511
-1525671	-413558
-1525759	-413606
-1525848	-413651
-1525937	-413696
-1526027	-413741
-1526116	-413786
-1526206	-413830
-1526295	-413875
-1526384	-413921
-1526473	-413966
-1526563	-414010
-1526653	-414054
-1526742	-414099
-1526831	-414144
-1526921	-414189
-1527010	-414234
-1527099	-414279
-1527189	-414324
-1527278	-414369
-1527367	-414414
-1527456	-414461
-1527545	-414507
-1527633	-414553
-1527722	-414599
-1527810	-414646
-1527900	-414691
-1527989	-414736
-1528079	-414780
-1528169	-414824
-1528259	-414868
-1528349	-414911
-1528440	-414953
-1528531	-414994
-1528621	-415036
-1528713	-415077
-1528804	-415117
-1528896	-415157
-1528987	-415198
-1529078	-415239
-1529170	-415278
-1529263	-415316
-1529355	-415355
-1529447	-415395
-1529539	-415433
-1529631	-415473
-1529722	-415513
-1529813	-415556
-1529902	-415602
-1529988	-415653
-1530072	-415707
-1530152	-415767
-1530232	-415827
-1530307	-415893
-1530380	-415961
-1530457	-416024
-1530541	-416079
-1530628	-416129
-1530715	-416177
-1530803	-416226
-1530889	-416277
-1530975	-416327
-1531062	-416376
-1531150	-416425
-1531236	-416476
-1531322	-416527
-1531408	-416578
-1531494	-416629
-1531580	-416679
-1531666	-416731
-1531752	-416782
-1531838	-416833
-1531924	-416884
-1532010	-416935
-1532096	-416986
-1532181	-417038
-1532267	-417090
-1532353	-417141
-1532438	-417193
-1532524	-417244
-1532611	-417294
-1532697	-417345
-1532783	-417395
-1532869	-417446
-1532955	-417497
-1533041	-417548
-1533127	-417599
-1533213	-417650
-1533300	-417700
-1533386	-417751
-1533473	-417801
-1533559	-417852
-1533645	-417903
-1533731	-417954
-1533817	-418005
-1533903	-418055
-1533989	-418106
-1534076	-418156
-1534162	-418207
-1534248	-418259
-1534333	-418311
-1534418	-418364
-1534503	-418417
-1534587	-418471
-1534670	-418526
-1534754	-418581
-1534837	-418637
-1534918	-418695
-1534999	-418754
-1535080	-418812
-1535162	-418870
-1535243	-418929
-1535324	-418987
-1535404	-419046
-1535485	-419105
-1535567	-419163
-1535648	-419221
-1535728	-419281
-1535809	-419340
-1535890	-419399
-1535971	-419457
-1536054	-419514
-1536135	-419572
-1536217	-419629
-1536299	-419686
-1536381	-419743
-1536464	-419800
-1536546	-419857
-1536629	-419913
-1536711	-419970
-1536793	-420027
-1536874	-420085
-1536957	-420142
-1537038	-420200
-1537119	-420259
-1537200	-420318
-1537280	-420378
-1537359	-420439
-1537438	-420500
-1537516	-420562
-1537594	-420625
-1537671	-420689
-1537748	-420753
-1537824	-420818
-1537900	-420882
-1537976	-420948
-1538052	-421013
-1538128	-421078
-1538204	-421143
-1538280	-421207
-1538356	-421272
-1538433	-421336
-1538509	-421400
-1538587	-421464
-1538664	-421527
-1538742	-421589
-1538820	-421652
-1538900	-421713
-1538979	-421774
-1539058	-421834
-1539137	-421896
-1539216	-421957
-1539296	-422017
-1539376	-422077
-1539456	-422137
-1539535	-422198
-1539615	-422258
-1539693	-422321
-1539770	-422384
-1539846	-422449
-1539921	-422516
-1539993	-422585
-1540063	-422656
-1540134	-422728
-1540199	-422803
-1540263	-422880
-1540324	-422959
-1540386	-423038
-1540447	-423117
-1540508	-423197
-1540568	-423276
-1540631	-423354
-1540692	-423434
-1540754	-423512
-1540816	-423591
-1540881	-423667
-1540946	-423743
-1541012	-423817
-1541081	-423889
-1541153	-423959
-1541224	-424029
-1541297	-424097
-1541372	-424165
-1541446	-424231
-1541521	-424298
-1541594	-424365
-1541668	-424434
-1541741	-424501
-1541814	-424569
-1541887	-424638
-1541960	-424706
-1542033	-424774
-1542107	-424842
-1542180	-424910
-1542253	-424978
-1542326	-425047
-1542401	-425114
-1542475	-425180
-1542550	-425246
-1542625	-425312
-1542700	-425378
-1542776	-425443
-1542855	-425506
-1542933	-425567
-1543012	-425629
-1543091	-425690
-1543171	-425751
-1543250	-425812
-1543329	-425872
-1543408	-425934
-1543488	-425994
-1543567	-426055
-1543646	-426116
-1543725	-426177
-1543805	-426238
-1543884	-426299
-1543963	-426360
-1544042	-426421
-1544122	-426481
-1544202	-426541
-1544283	-426600
-1544364	-426659
-1544445	-426718
-1544525	-426777
-1544607	-426835
-1544687	-426895
-1544767	-426955
-1544846	-427016
-1544926	-427076
-1545005	-427137
-1545085	-427197
-1545164	-427258
-1545244	-427319
-1545323	-427380
-1545402	-427441
-1545482	-427501
-1545562	-427561
-1545641	-427622
-1545721	-427682
-1545801	-427742
-1545881	-427802
-1545963	-427860
-1546044	-427919
-1546125	-427977
-1546206	-428035
-1546288	-428093
-1546369	-428152
-1546450	-428210
-1546531	-428269
-1546612	-428328
-1546693	-428386
-1546775	-428443
-1546857	-428501
-1546940	-428556
-1547024	-428611
-1547108	-428665
-1547192	-428719
-1547276	-428773
-1547360	-428827
-1547445	-428881
-1547529	-428935
-1547613	-428989
-1547696	-429044
-1547779	-429101
-1547861	-429158
-1547943	-429215
-1548025	-429272
-1548107	-429329
-1548189	-429386
-1548272	-429443
-1548354	-429500
-1548436	-429557
-1548518	-429614
-1548600	-429671
-1548683	-429727
-1548766	-429783
-1548849	-429839
-1548932	-429895
-1549015	-429950
-1549099	-430005
-1549182	-430060
-1549265	-430116
-1549349	-430170
-1549433	-430225
-1549516	-430280
-1549599	-430336
-1549683	-430391
-1549765	-430447
-1549848	-430503
-1549931	-430559
-1550014	-430615
-1550096	-430672
-1550178	-430729
-1550261	-430786
-1550343	-430843
-1550425	-430900
-1550507	-430957
-1550589	-431014
-1550671	-431072
-1550753	-431129
-1550834	-431187
-1550917	-431244
-1550999	-431301
-1551082	-431356
-1551165	-431412
-1551249	-431467
-1551332	-431522
-1551416	-431577
-1551500	-431631
-1551583	-431687
-1551667	-431741
-1551750	-431796
-1551834	-431850
-1551919	-431904
-1552003	-431958
-1552087	-432012
-1552171	-432066
-1552256	-432119
-1552340	-432173
-1552424	-432228
-1552509	-432280
-1552594	-432333
-1552679	-432386
-1552764	-432438
-1552849	-432491
-1552934	-432544
-1553019	-432597
-1553105	-432648
-1553191	-432698
-1553277	-432749
-1553364	-432799
-1553450	-432849
-1553537	-432899
-1553624	-432948
-1553711	-432998
-1553798	-433047
-1553885	-433097
-1553972	-433146
-1554059	-433196
-1554146	-433245
-1554233	-433294
-1554321	-433342
-1554409	-433389
-1554496	-433438
-1554584	-433486
-1554671	-433535
-1554758	-433583
-1554846	-433632
-1554933	-433681
-1555021	-433729
-1555108	-433778
-1555195	-433828
-1555283	-433875
-1555370	-433923
-1555460	-433968
-1555549	-434014
-1555639	-434058
-1555729	-434102
-1555819	-434145
-1555909	-434188
-1555999	-434232
-1556089	-434275
-1556180	-434318
-1556270	-434361
-1556361	-434403
-1556451	-434446
-1556542	-434488
-1556632	-434530
-1556723	-434572
-1556814	-434614
-1556904	-434656
-1556996	-434697
-1557086	-434739
-1557178	-434780
-1557269	-434821
-1557360	-434861
-1557452	-434900
-1557545	-434939
-1557637	-434978
-1557729	-435016
-1557822	-435054
-1557914	-435092
-1558007	-435130
-1558099	-435167
-1558192	-435204
-1558285	-435242
-1558377	-435280
-1558470	-435317
-1558563	-435354
-1558656	-435391
-1558749	-435427
-1558842	-435464
-1558935	-435500
-1559029	-435536
-1559122	-435572
-1559215	-435609
-1559308	-435645
-1559401	-435681
-1559495	-435717
-1559588	-435753
-1559682	-435788
-1559775	-435823
-1559870	-435856
-1559964	-435890
-1560058	-435923
-1560153	-435956
-1560247	-435989
-1560342	-436021
-1560436	-436054
-1560531	-436086
-1560626	-436118
-1560720	-436150
-1560815	-436181
-1560910	-436213
-1561005	-436244
-1561100	-436275
-1561195	-436306
-1561290	-436337
-1561386	-436367
-1561481	-436398
-1561576	-436428
-1561672	-436458
-1561767	-436489
-1561863	-436518
-1561958	-436548
-1562054	-436577
-1562149	-436607
-1562245	-436636
-1562341	-436665
-1562436	-436695
-1562532	-436724
-1562628	-436752
-1562724	-436780
-1562820	-436808
-1562916	-436836
-1563012	-436863
-1563108	-436891
-1563204	-436918
-1563300	-436946
-1563397	-436972
-1563493	-436999
-1563589	-437026
-1563686	-437052
-1563783	-437078
-1563879	-437103
-1563976	-437129
-1564073	-437154
-1564169	-437180
-1564266	-437206
-1564363	-437232
-1564459	-437257
-1564556	-437282
-1564653	-437306
-1564751	-437330
-1564847	-437355
-1564945	-437379
-1565042	-437403
-1565139	-437428
-1565236	-437452
-1565333	-437477
-1565430	-437501
-1565527	-437525
-1565624	-437550
-1565721	-437574
-1565818	-437598
-1565915	-437622
-1566012	-437646
-1566109	-437669
-1566207	-437693
-1566304	-437716
-1566401	-437738
-1566499	-437761
-1566596	-437784
-1566694	-437806
-1566791	-437828
-1566889	-437850
-1566986	-437872
-1567084	-437894
-1567181	-437916
-1567279	-437938
-1567377	-437958
-1567475	-437978
-1567573	-437998
-1567671	-438017
-1567769	-438037
-1567867	-438056
-1567965	-438075
-1568064	-438094
-1568162	-438112
-1568260	-438131
-1568358	-438149
-1568457	-438168
-1568555	-438186
-1568653	-438205
-1568751	-438223
-1568850	-438242
-1568948	-438260
-1569046	-438278
-1569145	-438296
-1569243	-438314
-1569342	-438331
-1569440	-438348
-1569539	-438365
-1569637	-438381
-1569736	-438397
-1569835	-438413
-1569933	-438430
-1570032	-438446
-1570131	-438462
-1570230	-438478
-1570328	-438494
-1570427	-438510
-1570526	-438525
-1570625	-438541
-1570724	-438555
-1570823	-438569
-1570922	-438584
-1571021	-438598
-1571120	-438612
-1571219	-438626
-1571318	-438640
-1571417	-438654
-1571516	-438668
-1571615	-438681
-1571714	-438695
-1571813	-438708
-1571912	-438720
-1572011	-438733
-1572111	-438745
-1572210	-438757
-1572309	-438769
-1572408	-438781
-1572508	-438793
-1572607	-438804
-1572706	-438815
-1572806	-438826
-1572905	-438837
-1573005	-438847
-1573104	-438858
-1573203	-438869
-1573303	-438879
-1573402	-438890
-1573502	-438900
-1573601	-438909
-1573701	-438919
-1573800	-438928
-1573900	-438938
-1573999	-438948
-1574099	-438957
-1574199	-438966
-1574298	-438974
-1574398	-438980
-1574498	-438986
-1574598	-438992
-1574698	-438999
-1574797	-439005
-1574897	-439011
-1574997	-439016
-1575097	-439022
-1575197	-439028
-1575297	-439033
-1575397	-439038
-1575497	-439043
-1575596	-439047
-1575696	-439052
-1575796	-439057
-1575896	-439062
-1575996	-439066
-1576096	-439070
-1576196	-439073
-1576296	-439075
-1576396	-439076
-1576496	-439078
-1576596	-439080
-1576696	-439081
-1576796	-439083
-1576896	-439084
-1576996	-439085
-1577096	-439086
-1577196	-439086
-1577296	-439086
-1577396	-439085
-1577496	-439084
-1577596	-439083
-1577696	-439082
-1577796	-439081
-1577896	-439080
-1577996	-439079
-1578096	-439078
-1578196	-439076
-1578296	-439073
-1578396	-439071
-1578496	-439068
-1578596	-439066
-1578696	-439063
-1578796	-439059
-1578896	-439056
-1578996	-439052
-1579096	-439049
-1579195	-439044
-1579295	-439040
-1579395	-439035
-1579495	-439030
-1579595	-439025
-1579695	-439020
-1579795	-439014
-1579895	-439008
-1579994	-439002
-1580094	-438995
-1580194	-438988
-1580294	-438980
-1580393	-438972
-1580493	-438963
-1580592	-438955
-1580692	-438945
-1580792	-438936
-1580891	-438926
-1580991	-438916
-1581090	-438906
-1581190	-438896
-1581289	-438886
-1581388	-438875
-1581488	-438865
-1581587	-438854
-1581687	-438843
-1581786	-438832
-1581885	-438821
-1581985	-438811
-1582084	-438800
-1582184	-438790
-1582283	-438779
-1582383	-438768
-1582482	-438757
-1582581	-438746
-1582681	-438734
-1582780	-438723
-1582879	-438711
-1582978	-438698
-1583077	-438685
-1583177	-438672
-1583276	-438658
-1583374	-438643
-1583474	-438630
-1583573	-438616
-1583672	-438602
-1583771	-438588
-1583870	-438574
-1583968	-438559
-1584067	-438542
-1584165	-438525
-1584264	-438508
-1584362	-438491
-1584461	-438473
-1584559	-438455
-1584657	-438436
-1584756	-438417
-1584854	-438398
-1584952	-438378
-1585050	-438358
-1585148	-438338
-1585246	-438319
-1585344	-438299
-1585442	-438280
-1585540	-438260
-1585638	-438241
-1585736	-438221
-1585834	-438201
-1585932	-438181
-1586030	-438161
-1586128	-438141
-1586226	-438120
-1586324	-438099
-1586421	-438078
-1586519	-438057
-1586617	-438036
-1586715	-438015
-1586812	-437994
-1586910	-437973
-1587008	-437952
-1587106	-437931
-1587203	-437909
-1587301	-437888
-1587398	-437866
-1587496	-437843
-1587593	-437821
-1587691	-437798
-1587788	-437776
-1587885	-437753
-1587983	-437729
-1588080	-437705
-1588177	-437681
-1588274	-437657
-1588371	-437632
-1588467	-437606
-1588564	-437580
-1588661	-437555
-1588757	-437529
-1588854	-437502
-1588950	-437476
-1589047	-437449
-1589143	-437422
-1589239	-437395
-1589335	-437368
-1589432	-437341
-1589528	-437315
-1589625	-437288
-1589721	-437261
-1589817	-437233
-1589913	-437206
-1590009	-437178
-1590105	-437150
-1590201	-437122
-1590297	-437093
-1590392	-437064
-1590488	-437035
-1590584	-437005
-1590679	-436975
-1590775	-436946
-1590870	-436916
-1590966	-436887
-1591061	-436857
-1591157	-436827
-1591252	-436797
-1591348	-436767
-1591443	-436737
-1591538	-436706
-1591634	-436676
-1591729	-436645
-1591824	-436614
-1591919	-436583
-1592014	-436552
-1592109	-436521
-1592204	-436490
-1592299	-436459
-1592394	-436427
-1592489	-436395
-1592584	-436364
-1592679	-436333
-1592773	-436301
-1592868	-436269
-1592963	-436236
-1593057	-436204
-1593152	-436172
-1593246	-436139
-1593341	-436107
-1593436	-436074
-1593530	-436041
-1593624	-436008
-1593719	-435975
-1593813	-435942
-1593908	-435909
-1594002	-435875
-1594096	-435842
-1594191	-435809
-1594285	-435776
-1594379	-435742
-1594473	-435709
-1594568	-435676
-1594663	-435644
-1594757	-435611
-1594851	-435578
-1594946	-435545
-1595041	-435513
-1595135	-435480
-1595230	-435448
-1595324	-435415
-1595419	-435384
-1595514	-435352
-1595609	-435320
-1595704	-435290
-1595799	-435259
-1595895	-435229
-1595990	-435199
-1596086	-435170
-1596182	-435142
-1596278	-435114
-1596374	-435086
-1596470	-435058
-1596565	-435029
-1596661	-435001
-1596757	-434972
-1596853	-434943
-1596949	-434915
-1597045	-434886
-1597141	-434858
-1597237	-434830
-1597333	-434802
-1597429	-434775
-1597525	-434747
-1597621	-434720
-1597717	-434692
-1597813	-434665
-1597909	-434637
-1598006	-434610
-1598102	-434583
-1598198	-434555
-1598294	-434528
-1598391	-434501
-1598487	-434474
-1598583	-434446
-1598679	-434419
-1598775	-434392
-1598871	-434364
-1598968	-434338
-1599064	-434310
-1599160	-434283
-1599257	-434256
-1599353	-434228
-1599449	-434200
-1599545	-434172
-1599641	-434144
-1599737	-434116
-1599832	-434087
-1599928	-434059
-1600025	-434032
