-1447935	-379755
-1447835	-379755
-1447934	-379744
-1448033	-379756
-1448132	-379767
-1448232	-379766
-1448332	-379764
-1448432	-379772
-1448532	-379782
-1448632	-379782
-1448731	-379773
-1448831	-379768
-1448931	-379762
-1449027	-379791
-1449108	-379733
-1449208	-379738
-1449307	-379757
-1449403	-379784
-1449494	-379826
-1449581	-379873
-1449669	-379921
-1449757	-379969
-1449845	-380017
-1449923	-380078
-1450003	-380138
-1450087	-380193
-1450173	-380244
-1450261	-380293
-1450351	-380334
-1450440	-380380
-1450528	-380427
-1450616	-380475
-1450706	-380518
-1450795	-380564
-1450883	-380613
-1450971	-380659
-1451060	-380704
-1451150	-380750
-1451239	-380794
-1451328	-380839
-1451413	-380894
-1451497	-380946
-1451583	-380998
-1451672	-381043
-1451761	-381090
-1451849	-381138
-1451939	-381180
-1452025	-381231
-1452109	-381286
-1452189	-381345
-1452269	-381405
-1452347	-381469
-1452425	-381532
-1452501	-381595
-1452576	-381663
-1452657	-381721
-1452745	-381769
-1452832	-381816
-1452923	-381860
-1453012	-381904
-1453094	-381961
-1453177	-382017
-1453262	-382069
-1453352	-382113
-1453442	-382159
-1453534	-382198
-1453618	-382252
-1453699	-382309
-1453787	-382359
-1453874	-382408
-1453961	-382455
-1454049	-382503
-1454135	-382555
-1454224	-382599
-1454316	-382640
-1454408	-382680
-1454499	-382719
-1454592	-382758
-1454683	-382798
-1454774	-382839
-1454866	-382878
-1454958	-382920
-1455050	-382957
-1455142	-382996
-1455234	-383035
-1455327	-383074
-1455420	-383111
-1455512	-383147
-1455606	-383183
-1455699	-383219
-1455793	-383255
-1455886	-383290
-1455979	-383326
-1456073	-383363
-1456166	-383397
-1456260	-383434
-1456352	-383470
-1456445	-383507
-1456538	-383544
-1456631	-383581
-1456724	-383617
-1456818	-383653
-1456911	-383688
-1457005	-383723
-1457098	-383759
-1457192	-383795
-1457285	-383831
-1457377	-383870
-1457469	-383908
-1457562	-383946
-1457654	-383984
-1457747	-384022
-1457840	-384058
-1457933	-384096
-1458025	-384134
-1458118	-384172
-1458210	-384210
-1458303	-384249
-1458395	-384287
-1458488	-384323
-1458581	-384360
-1458674	-384396
-1458766	-384435
-1458859	-384472
-1458952	-384509
-1459045	-384546
-1459138	-384583
-1459230	-384621
-1459323	-384658
-1459416	-384696
-1459509	-384733
-1459601	-384771
-1459693	-384811
-1459784	-384851
-1459875	-384893
-1459966	-384934
-1460056	-384979
-1460145	-385023
-1460235	-385067
-1460325	-385112
-1460414	-385156
-1460505	-385199
-1460591	-385250
-1460679	-385296
-1460767	-385344
-1460855	-385392
-1460943	-385440
-1461030	-385488
-1461117	-385539
-1461202	-385591
-1461287	-385643
-1461373	-385694
-1461460	-385744
-1461546	-385795
-1461633	-385845
-1461720	-385893
-1461811	-385935
-1461901	-385980
-1461992	-386020
-1462086	-386055
-1462180	-386087
-1462275	-386120
-1462370	-386151
-1462465	-386183
-1462560	-386214
-1462655	-386245
-1462749	-386278
-1462843	-386312
-1462938	-386345
-1463032	-386379
-1463125	-386415
-1463219	-386449
-1463313	-386484
-1463406	-386521
-1463500	-386554
-1463594	-386587
-1463689	-386621
-1463782	-386656
-1463874	-386696
-1463966	-386736
-1464056	-386778
-1464147	-386820
-1464240	-386856
-1464333	-386893
-1464425	-386934
-1464516	-386975
-1464605	-387019
-1464697	-387059
-1464787	-387102
-1464877	-387148
-1464966	-387191
-1465056	-387235
-1465147	-387277
-1465238	-387318
-1465328	-387362
-1465417	-387407
-1465505	-387456
-1465592	-387504
-1465682	-387549
-1465770	-387596
-1465861	-387638
-1465953	-387676
-1466046	-387714
-1466137	-387755
-1466226	-387801
-1466315	-387845
-1466404	-387891
-1466493	-387937
-1466582	-387983
-1466673	-388025
-1466764	-388065
-1466856	-388105
-1466949	-388141
-1467042	-388178
-1467135	-388216
-1467226	-388257
-1467316	-388300
-1467406	-388343
-1467497	-388385
-1467588	-388427
-1467680	-388467
-1467771	-388507
-1467862	-388548
-1467954	-388588
-1468046	-388628
-1468136	-388670
-1468228	-388711
-1468321	-388748
-1468413	-388785
-1468506	-388822
-1468599	-388858
-1468692	-388895
-1468786	-388931
-1468879	-388967
-1468972	-389003
-1469066	-389038
-1469159	-389075
-1469253	-389110
-1469346	-389145
-1469440	-389179
-1469535	-389212
-1469629	-389245
-1469724	-389278
-1469818	-389311
-1469911	-389347
-1470005	-389382
-1470099	-389415
-1470194	-389447
-1470289	-389478
-1470384	-389511
-1470478	-389544
-1470573	-389575
-1470668	-389606
-1470763	-389637
-1470858	-389668
-1470953	-389700
-1471048	-389732
-1471143	-389764
-1471237	-389796
-1471332	-389827
-1471427	-389860
-1471521	-389893
-1471615	-389928
-1471709	-389964
-1471801	-390000
-1471895	-390035
-1471988	-390072
-1472082	-390107
-1472172	-390151
-1472260	-390198
-1472350	-390243
-1472439	-390287
-1472528	-390332
-1472616	-390380
-1472702	-390431
-1472794	-390471
-1472886	-390508
-1472979	-390547
-1473070	-390588
-1473162	-390628
-1473255	-390664
-1473348	-390700
-1473441	-390737
-1473533	-390776
-1473625	-390816
-1473717	-390854
-1473810	-390891
-1473901	-390933
-1473986	-390985
-1474068	-391043
-1474153	-391095
-1474239	-391147
-1474329	-391190
-1474420	-391232
-1474512	-391269
-1474605	-391306
-1474699	-391342
-1474792	-391377
-1474885	-391414
-1474978	-391451
-1475072	-391485
-1475166	-391519
-1475260	-391553
-1475354	-391587
-1475448	-391620
-1475542	-391656
-1475635	-391692
-1475729	-391725
-1475823	-391760
-1475916	-391796
-1476010	-391832
-1476104	-391866
-1476197	-391902
-1476290	-391938
-1476382	-391978
-1476472	-392021
-1476564	-392061
-1476655	-392103
-1476745	-392145
-1476835	-392189
-1476924	-392235
-1477012	-392282
-1477101	-392328
-1477189	-392375
-1477278	-392421
-1477368	-392465
-1477457	-392511
-1477541	-392564
-1477626	-392618
-1477713	-392666
-1477800	-392715
-1477883	-392772
-1477966	-392827
-1478052	-392878
-1478138	-392930
-1478226	-392977
-1478315	-393023
-1478403	-393069
-1478492	-393115
-1478582	-393160
-1478670	-393207
-1478759	-393253
-1478847	-393300
-1478935	-393347
-1479026	-393390
-1479117	-393431
-1479208	-393471
-1479300	-393511
-1479390	-393554
-1479480	-393598
-1479570	-393643
-1479661	-393684
-1479752	-393725
-1479843	-393766
-1479934	-393807
-1480025	-393850
-1480114	-393894
-1480205	-393937
-1480294	-393983
-1480382	-394029
-1480472	-394074
-1480562	-394118
-1480651	-394163
-1480741	-394207
-1480830	-394251
-1480920	-394296
-1481009	-394341
-1481098	-394387
-1481187	-394433
-1481276	-394479
-1481364	-394526
-1481451	-394574
-1481539	-394623
-1481629	-394665
-1481719	-394710
-1481807	-394757
-1481894	-394806
-1481982	-394854
-1482069	-394903
-1482157	-394950
-1482246	-394997
-1482334	-395044
-1482422	-395092
-1482509	-395141
-1482596	-395190
-1482682	-395242
-1482768	-395293
-1482855	-395342
-1482941	-395392
-1483028	-395442
-1483116	-395490
-1483203	-395538
-1483290	-395589
-1483376	-395639
-1483463	-395688
-1483550	-395738
-1483636	-395788
-1483723	-395838
-1483811	-395885
-1483900	-395933
-1483988	-395979
-1484074	-396029
-1484160	-396080
-1484246	-396132
-1484332	-396182
-1484420	-396231
-1484508	-396278
-1484597	-396324
-1484686	-396371
-1484775	-396415
-1484862	-396464
-1484949	-396513
-1485036	-396562
-1485124	-396612
-1485211	-396659
-1485300	-396706
-1485388	-396752
-1485477	-396798
-1485566	-396844
-1485655	-396890
-1485744	-396936
-1485833	-396981
-1485922	-397028
-1486011	-397072
-1486101	-397118
-1486189	-397163
-1486278	-397211
-1486367	-397256
-1486456	-397300
-1486546	-397346
-1486635	-397391
-1486724	-397436
-1486815	-397479
-1486905	-397520
-1486996	-397561
-1487087	-397603
-1487177	-397646
-1487267	-397690
-1487359	-397731
-1487451	-397770
-1487543	-397810
-1487634	-397849
-1487727	-397888
-1487818	-397929
-1487910	-397968
-1488000	-398010
-1488091	-398054
-1488181	-398097
-1488271	-398141
-1488360	-398186
-1488448	-398234
-1488539	-398276
-1488629	-398319
-1488721	-398358
-1488812	-398399
-1488904	-398438
-1488996	-398476
-1489089	-398514
-1489182	-398550
-1489275	-398589
-1489367	-398626
-1489459	-398665
-1489551	-398704
-1489643	-398743
-1489734	-398785
-1489824	-398828
-1489913	-398874
-1490002	-398921
-1490092	-398965
-1490183	-399007
-1490274	-399047
-1490363	-399093
-1490453	-399137
-1490542	-399183
-1490631	-399228
-1490718	-399276
-1490807	-399323
-1490895	-399369
-1490985	-399414
-1491075	-399456
-1491166	-399497
-1491258	-399539
-1491350	-399578
-1491441	-399617
-1491534	-399656
-1491626	-399695
-1491718	-399732
-1491811	-399769
-1491904	-399808
-1491995	-399847
-1492088	-399886
-1492179	-399927
-1492271	-399967
-1492365	-400001
-1492458	-400036
-1492552	-400070
-1492646	-400104
-1492736	-400147
-1492826	-400191
-1492917	-400235
-1493007	-400277
-1493099	-400317
-1493191	-400356
-1493278	-400404
-1493367	-400451
-1493454	-400499
-1493541	-400548
-1493629	-400596
-1493717	-400643
-1493806	-400691
-1493893	-400738
-1493979	-400789
-1494065	-400840
-1494153	-400888
-1494241	-400937
-1494328	-400985
-1494416	-401032
-1494506	-401078
-1494594	-401125
-1494681	-401175
-1494767	-401224
-1494853	-401277
-1494938	-401329
-1495023	-401381
-1495108	-401435
-1495193	-401487
-1495276	-401542
-1495360	-401598
-1495443	-401653
-1495526	-401708
-1495610	-401763
-1495692	-401819
-1495775	-401876
-1495857	-401932
-1495941	-401988
-1496024	-402044
-1496107	-402100
-1496189	-402155
-1496272	-402211
-1496355	-402267
-1496438	-402324
-1496520	-402380
-1496603	-402437
-1496685	-402493
-1496769	-402549
-1496853	-402603
-1496936	-402659
-1497018	-402714
-1497101	-402770
-1497184	-402826
-1497268	-402880
-1497352	-402934
-1497437	-402987
-1497522	-403040
-1497607	-403093
-1497692	-403147
-1497777	-403199
-1497862	-403250
-1497948	-403303
-1498033	-403354
-1498119	-403405
-1498205	-403456
-1498291	-403507
-1498378	-403558
-1498464	-403608
-1498551	-403658
-1498637	-403710
-1498722	-403761
-1498809	-403812
-1498895	-403863
-1498981	-403914
-1499066	-403965
-1499152	-404016
-1499237	-404068
-1499323	-404120
-1499409	-404172
-1499494	-404223
-1499580	-404276
-1499665	-404329
-1499749	-404381
-1499834	-404436
-1499918	-404488
-1500005	-404538
-1500092	-404589
-1500178	-404638
-1500265	-404687
-1500353	-404736
-1500440	-404784
-1500527	-404835
-1500615	-404883
-1500702	-404930
-1500789	-404979
-1500877	-405027
-1500965	-405076
-1501052	-405124
-1501140	-405171
-1501228	-405219
-1501315	-405268
-1501402	-405317
-1501490	-405367
-1501577	-405414
-1501664	-405463
-1501752	-405513
-1501839	-405561
-1501926	-405609
-1502014	-405659
-1502101	-405708
-1502187	-405759
-1502272	-405810
-1502358	-405863
-1502443	-405915
-1502528	-405968
-1502613	-406019
-1502697	-406073
-1502782	-406128
-1502865	-406182
-1502949	-406236
-1503032	-406292
-1503114	-406349
-1503194	-406409
-1503273	-406471
-1503350	-406534
-1503429	-406595
-1503508	-406657
-1503589	-406717
-1503671	-406773
-1503754	-406829
-1503834	-406888
-1503916	-406946
-1503996	-407005
-1504077	-407065
-1504157	-407124
-1504238	-407183
-1504319	-407243
-1504400	-407301
-1504479	-407361
-1504559	-407421
-1504639	-407482
-1504720	-407540
-1504802	-407597
-1504885	-407653
-1504967	-407711
-1505049	-407769
-1505130	-407826
-1505210	-407886
-1505290	-407947
-1505368	-408009
-1505446	-408071
-1505524	-408134
-1505601	-408198
-1505677	-408263
-1505753	-408328
-1505828	-408394
-1505906	-408457
-1505983	-408520
-1506060	-408585
-1506136	-408649
-1506213	-408713
-1506289	-408778
-1506366	-408842
-1506442	-408906
-1506519	-408970
-1506597	-409033
-1506675	-409096
-1506755	-409156
-1506834	-409217
-1506913	-409278
-1506992	-409340
-1507071	-409401
-1507150	-409462
-1507228	-409524
-1507308	-409584
-1507388	-409645
-1507469	-409703
-1507550	-409761
-1507632	-409818
-1507714	-409876
-1507796	-409933
-1507878	-409990
-1507961	-410047
-1508043	-410104
-1508126	-410159
-1508210	-410213
-1508294	-410268
-1508377	-410323
-1508461	-410378
-1508544	-410433
-1508627	-410489
-1508711	-410544
-1508795	-410598
-1508880	-410651
-1508965	-410704
-1509049	-410758
-1509134	-410811
-1509218	-410864
-1509303	-410917
-1509388	-410970
-1509471	-411026
-1509554	-411081
-1509637	-411137
-1509723	-411189
-1509807	-411242
-1509893	-411294
-1509978	-411346
-1510065	-411396
-1510152	-411445
-1510240	-411492
-1510329	-411539
-1510417	-411586
-1510505	-411633
-1510592	-411682
-1510681	-411729
-1510768	-411777
-1510856	-411825
-1510944	-411872
-1511032	-411920
-1511120	-411968
-1511207	-412017
-1511295	-412065
-1511383	-412112
-1511470	-412162
-1511556	-412212
-1511642	-412263
-1511729	-412313
-1511815	-412364
-1511900	-412416
-1511986	-412468
-1512072	-412518
-1512161	-412564
-1512250	-412610
-1512337	-412659
-1512424	-412709
-1512512	-412755
-1512601	-412802
-1512689	-412849
-1512778	-412894
-1512867	-412941
-1512954	-412989
-1513043	-413036
-1513130	-413084
-1513218	-413132
-1513307	-413177
-1513396	-413224
-1513484	-413271
-1513572	-413318
-1513658	-413369
-1513744	-413420
-1513830	-413472
-1513914	-413526
-1513998	-413580
-1514081	-413636
-1514164	-413692
-1514246	-413748
-1514329	-413805
-1514411	-413861
-1514494	-413917
-1514576	-413974
-1514659	-414031
-1514741	-414088
-1514824	-414144
-1514908	-414197
-1514993	-414250
-1515079	-414302
-1515165	-414353
-1515250	-414405
-1515335	-414457
-1515421	-414508
-1515508	-414558
-1515595	-414608
-1515681	-414659
-1515767	-414710
-1515853	-414761
-1515939	-414812
-1516025	-414863
-1516111	-414914
-1516196	-414966
-1516281	-415019
-1516366	-415072
-1516451	-415124
-1516537	-415175
-1516623	-415226
-1516710	-415276
-1516797	-415325
-1516884	-415374
-1516971	-415424
-1517057	-415474
-1517144	-415524
-1517231	-415573
-1517318	-415623
-1517404	-415673
-1517492	-415722
-1517580	-415769
-1517668	-415816
-1517756	-415863
-1517845	-415910
-1517933	-415956
-1518022	-416002
-1518112	-416047
-1518200	-416093
-1518289	-416139
-1518378	-416185
-1518466	-416232
-1518555	-416278
-1518643	-416325
-1518732	-416372
-1518820	-416418
-1518909	-416465
-1518997	-416512
-1519085	-416559
-1519173	-416607
-1519261	-416654
-1519349	-416702
-1519436	-416751
-1519524	-416799
-1519611	-416848
-1519698	-416898
-1519784	-416949
-1519870	-417000
-1519956	-417050
-1520042	-417101
-1520128	-417152
-1520214	-417203
-1520300	-417254
-1520386	-417306
-1520472	-417357
-1520557	-417409
-1520643	-417461
-1520727	-417514
-1520812	-417567
-1520897	-417620
-1520982	-417673
-1521066	-417727
-1521150	-417782
-1521232	-417838
-1521316	-417893
-1521399	-417949
-1521482	-418005
-1521565	-418060
-1521648	-418116
-1521731	-418172
-1521814	-418227
-1521897	-418283
-1521981	-418338
-1522063	-418394
-1522146	-418451
-1522228	-418508
-1522311	-418564
-1522393	-418621
-1522476	-418677
-1522558	-418734
-1522641	-418790
-1522724	-418846
-1522806	-418902
-1522889	-418958
-1522972	-419014
-1523056	-419069
-1523138	-419125
-1523222	-419180
-1523305	-419235
-1523390	-419289
-1523473	-419344
-1523557	-419398
-1523641	-419453
-1523725	-419507
-1523810	-419560
-1523895	-419613
-1523979	-419666
-1524065	-419718
-1524150	-419771
-1524235	-419823
-1524320	-419876
-1524405	-419928
-1524491	-419980
-1524576	-420032
-1524662	-420083
-1524747	-420135
-1524833	-420187
-1524918	-420239
-1525004	-420291
-1525088	-420344
-1525173	-420397
-1525257	-420451
-1525341	-420506
-1525425	-420560
-1525509	-420615
-1525593	-420669
-1525677	-420723
-1525758	-420781
-1525839	-420840
-1525920	-420899
-1526000	-420958
-1526080	-421019
-1526162	-421076
-1526244	-421133
-1526326	-421190
-1526410	-421245
-1526491	-421303
-1526576	-421357
-1526660	-421410
-1526745	-421463
-1526829	-421517
-1526915	-421568
-1527001	-421619
-1527090	-421665
-1527179	-421711
-1527268	-421756
-1527358	-421800
-1527448	-421844
-1527538	-421888
-1527627	-421932
-1527716	-421978
-1527805	-422024
-1527894	-422070
-1527982	-422117
-1528068	-422169
-1528152	-422223
-1528235	-422278
-1528319	-422333
-1528401	-422390
-1528483	-422447
-1528563	-422507
-1528645	-422565
-1528726	-422624
-1528808	-422681
-1528889	-422740
-1528971	-422797
-1529054	-422853
-1529136	-422909
-1529220	-422964
-1529304	-423018
-1529388	-423072
-1529473	-423125
-1529558	-423178
-1529642	-423232
-1529727	-423285
-1529811	-423339
-1529895	-423394
-1529978	-423449
-1530061	-423505
-1530143	-423562
-1530225	-423620
-1530305	-423679
-1530385	-423739
-1530465	-423800
-1530544	-423861
-1530622	-423923
-1530701	-423985
-1530779	-424046
-1530857	-424109
-1530936	-424170
-1531014	-424233
-1531094	-424294
-1531172	-424355
-1531251	-424417
-1531330	-424478
-1531410	-424539
-1531489	-424600
-1531568	-424660
-1531647	-424722
-1531726	-424783
-1531806	-424844
-1531885	-424904
-1531964	-424965
-1532043	-425027
-1532122	-425088
-1532201	-425149
-1532280	-425211
-1532359	-425272
-1532439	-425332
-1532519	-425393
-1532598	-425453
-1532678	-425513
-1532758	-425573
-1532838	-425633
-1532918	-425693
-1532998	-425753
-1533078	-425813
-1533158	-425873
-1533238	-425933
-1533317	-425994
-1533396	-426056
-1533473	-426120
-1533549	-426184
-1533626	-426249
-1533701	-426314
-1533775	-426383
-1533848	-426451
-1533919	-426520
-1533992	-426589
-1534064	-426658
-1534137	-426727
-1534208	-426797
-1534280	-426866
-1534353	-426935
-1534427	-427002
-1534504	-427066
-1534582	-427129
-1534662	-427189
-1534744	-427247
-1534825	-427305
-1534906	-427363
-1534988	-427421
-1535070	-427478
-1535153	-427534
-1535236	-427590
-1535318	-427647
-1535401	-427703
-1535482	-427761
-1535561	-427822
-1535639	-427885
-1535715	-427951
-1535790	-428016
-1535863	-428084
-1535936	-428153
-1536009	-428221
-1536081	-428290
-1536151	-428363
-1536220	-428435
-1536290	-428505
-1536361	-428577
-1536431	-428648
-1536502	-428719
-1536574	-428788
-1536646	-428858
-1536719	-428926
-1536793	-428992
-1536868	-429058
-1536943	-429125
-1537019	-429190
-1537096	-429254
-1537173	-429318
-1537250	-429381
-1537327	-429445
-1537404	-429508
-1537481	-429572
-1537558	-429636
-1537634	-429701
-1537711	-429765
-1537788	-429828
-1537865	-429892
-1537942	-429956
-1538019	-430020
-1538096	-430083
-1538173	-430147
-1538250	-430211
-1538328	-430274
-1538405	-430337
-1538482	-430401
-1538560	-430464
-1538637	-430528
-1538713	-430592
-1538790	-430657
-1538866	-430721
-1538942	-430786
-1539018	-430851
-1539094	-430916
-1539170	-430981
-1539246	-431046
-1539322	-431111
-1539399	-431175
-1539476	-431239
-1539553	-431303
-1539630	-431366
-1539707	-431430
-1539785	-431493
-1539863	-431556
-1539940	-431619
-1540018	-431682
-1540095	-431746
-1540172	-431810
-1540248	-431874
-1540325	-431938
-1540401	-432003
-1540477	-432068
-1540553	-432133
-1540630	-432197
-1540707	-432261
-1540784	-432325
-1540861	-432388
-1540939	-432451
-1541018	-432512
-1541098	-432572
-1541178	-432632
-1541259	-432690
-1541340	-432749
-1541420	-432809
-1541501	-432868
-1541581	-432928
-1541661	-432988
-1541742	-433047
-1541822	-433107
-1541902	-433167
-1541982	-433226
-1542063	-433285
-1542143	-433345
-1542224	-433404
-1542305	-433463
-1542385	-433522
-1542467	-433580
-1542548	-433638
-1542629	-433697
-1542711	-433755
-1542791	-433814
-1542873	-433872
-1542954	-433931
-1543035	-433989
-1543117	-434046
-1543199	-434104
-1543281	-434161
-1543363	-434218
-1543444	-434276
-1543527	-434333
-1543609	-434390
-1543692	-434446
-1543774	-434503
-1543855	-434561
-1543937	-434618
-1544020	-434675
-1544101	-434733
-1544183	-434790
-1544265	-434848
-1544347	-434905
-1544428	-434963
-1544510	-435020
-1544593	-435077
-1544674	-435135
-1544756	-435192
-1544838	-435249
-1544920	-435307
-1545003	-435363
-1545085	-435420
-1545168	-435476
-1545250	-435533
-1545333	-435589
-1545415	-435645
-1545498	-435701
-1545582	-435756
-1545665	-435812
-1545747	-435869
-1545829	-435926
-1545911	-435983
-1545993	-436040
-1546076	-436096
-1546158	-436153
-1546241	-436209
-1546325	-436264
-1546408	-436319
-1546492	-436374
-1546576	-436428
-1546660	-436482
-1546744	-436536
-1546828	-436590
-1546912	-436644
-1546997	-436698
-1547081	-436751
-1547166	-436804
-1547251	-436857
-1547336	-436909
-1547421	-436962
-1547507	-437014
-1547591	-437068
-1547675	-437122
-1547759	-437176
-1547843	-437230
-1547928	-437284
-1548012	-437338
-1548096	-437392
-1548181	-437445
-1548266	-437498
-1548350	-437551
-1548436	-437603
-1548522	-437654
-1548608	-437705
-1548694	-437756
-1548781	-437806
-1548868	-437855
-1548954	-437905
-1549041	-437954
-1549128	-438004
-1549215	-438053
-1549302	-438103
-1549389	-438152
-1549476	-438201
-1549563	-438250
-1549650	-438300
-1549737	-438350
-1549824	-438399
-1549910	-438449
-1549998	-438498
-1550084	-438549
-1550171	-438598
-1550257	-438648
-1550344	-438698
-1550431	-438748
-1550518	-438798
-1550605	-438847
-1550692	-438896
-1550779	-438946
-1550866	-438995
-1550953	-439044
-1551040	-439092
-1551128	-439141
-1551214	-439191
-1551301	-439240
-1551389	-439289
-1551476	-439338
-1551563	-439388
-1551650	-439437
-1551738	-439485
-1551825	-439534
-1551913	-439581
-1551999	-439631
-1552087	-439680
-1552174	-439729
-1552262	-439777
-1552350	-439824
-1552438	-439870
-1552527	-439917
-1552615	-439963
-1552704	-440010
-1552792	-440056
-1552881	-440102
-1552970	-440148
-1553059	-440193
-1553148	-440239
-1553237	-440284
-1553327	-440330
-1553417	-440374
-1553506	-440419
-1553596	-440463
-1553686	-440507
-1553775	-440550
-1553865	-440595
-1553955	-440639
-1554045	-440683
-1554135	-440727
-1554224	-440772
-1554314	-440815
-1554404	-440858
-1554495	-440901
-1554585	-440944
-1554676	-440986
-1554766	-441029
-1554857	-441071
-1554948	-441112
-1555040	-441152
-1555131	-441192
-1555223	-441232
-1555315	-441272
-1555407	-441311
-1555499	-441350
-1555591	-441389
-1555683	-441427
-1555776	-441465
-1555868	-441503
-1555961	-441540
-1556054	-441577
-1556147	-441614
-1556240	-441651
-1556333	-441688
-1556425	-441726
-1556518	-441763
-1556611	-441800
-1556704	-441837
-1556797	-441874
-1556890	-441911
-1556982	-441948
-1557076	-441984
-1557169	-442021
-1557262	-442057
-1557355	-442093
-1557449	-442127
-1557543	-442162
-1557637	-442196
-1557731	-442230
-1557825	-442265
-1557919	-442299
-1558012	-442334
-1558106	-442368
-1558200	-442402
-1558295	-442435
-1558389	-442469
-1558483	-442503
-1558577	-442537
-1558671	-442571
-1558765	-442605
-1558859	-442637
-1558954	-442670
-1559048	-442703
-1559143	-442736
-1559237	-442769
-1559332	-442802
-1559426	-442835
-1559521	-442866
-1559616	-442898
-1559711	-442929
-1559806	-442960
-1559901	-442990
-1559996	-443021
-1560091	-443052
-1560187	-443083
-1560282	-443113
-1560377	-443144
-1560473	-443174
-1560568	-443205
-1560663	-443235
-1560759	-443264
-1560854	-443293
-1560950	-443322
-1561046	-443351
-1561141	-443381
-1561237	-443410
-1561333	-443438
-1561429	-443466
-1561525	-443495
-1561621	-443523
-1561716	-443552
-1561812	-443581
-1561908	-443610
-1562004	-443639
-1562100	-443667
-1562195	-443697
-1562290	-443728
-1562385	-443759
-1562480	-443790
-1562575	-443821
-1562671	-443851
-1562766	-443882
-1562861	-443912
-1562957	-443942
-1563052	-443972
-1563148	-444002
-1563243	-444031
-1563339	-444061
-1563434	-444091
-1563530	-444121
-1563625	-444150
-1563721	-444180
-1563816	-444209
-1563912	-444238
-1564008	-444268
-1564103	-444297
-1564199	-444325
-1564295	-444354
-1564391	-444383
-1564487	-444411
-1564582	-444440
-1564678	-444469
-1564774	-444497
-1564870	-444526
-1564966	-444555
-1565062	-444583
-1565158	-444610
-1565254	-444638
-1565350	-444665
-1565447	-444691
-1565543	-444718
-1565639	-444746
-1565735	-444774
-1565831	-444801
-1565928	-444828
-1566024	-444855
-1566120	-444882
-1566216	-444909
-1566313	-444936
-1566409	-444962
-1566506	-444987
-1566603	-445012
-1566700	-445037
-1566797	-445061
-1566894	-445084
-1566991	-445108
-1567089	-445130
-1567187	-445152
-1567284	-445173
-1567382	-445193
-1567480	-445213
-1567578	-445232
-1567676	-445252
-1567775	-445270
-1567873	-445288
-1567971	-445307
-1568070	-445325
-1568168	-445344
-1568266	-445363
-1568364	-445381
-1568463	-445398
-1568561	-445417
