-1449794	-379334
-1449694	-379334
-1449787	-379368
-1449886	-379386
-1449985	-379373
-1450084	-379363
-1450184	-379364
-1450282	-379384
-1450369	-379435
-1450457	-379482
-1450552	-379512
-1450648	-379542
-1450738	-379583
-1450829	-379626
-1450918	-379672
-1451008	-379715
-1451101	-379752
-1451193	-379792
-1451283	-379835
-1451371	-379882
-1451459	-379930
-1451547	-379978
-1451635	-380025
-1451722	-380074
-1451810	-380122
-1451898	-380170
-1451986	-380216
-1452075	-380263
-1452163	-380310
-1452250	-380358
-1452338	-380407
-1452427	-380452
-1452516	-380498
-1452607	-380540
-1452697	-380583
-1452787	-380626
-1452876	-380672
-1452960	-380726
-1453035	-380791
-1453122	-380842
-1453209	-380892
-1453298	-380937
-1453390	-380976
-1453484	-381009
-1453581	-381032
-1453678	-381059
-1453774	-381086
-1453869	-381117
-1453967	-381140
-1454037	-381211
-1454131	-381246
-1454227	-381270
-1454315	-381319
-1454408	-381357
-1454495	-381406
-1454584	-381452
-1454673	-381497
-1454760	-381545
-1454847	-381594
-1454935	-381642
-1455028	-381678
-1455121	-381717
-1455213	-381754
-1455305	-381794
-1455398	-381833
-1455490	-381869
-1455584	-381906
-1455677	-381940
-1455771	-381976
-1455864	-382014
-1455957	-382050
-1456050	-382087
-1456143	-382124
-1456236	-382158
-1456330	-382193
-1456424	-382229
-1456517	-382265
-1456610	-382302
-1456703	-382339
-1456795	-382376
-1456888	-382415
-1456980	-382452
-1457073	-382491
-1457166	-382528
-1457260	-382562
-1457354	-382595
-1457448	-382628
-1457542	-382662
-1457636	-382696
-1457729	-382732
-1457822	-382770
-1457914	-382808
-1458007	-382847
-1458099	-382884
-1458191	-382924
-1458282	-382965
-1458374	-383005
-1458466	-383046
-1458557	-383085
-1458649	-383124
-1458742	-383163
-1458834	-383202
-1458926	-383240
-1459019	-383278
-1459111	-383315
-1459205	-383352
-1459298	-383389
-1459390	-383425
-1459483	-383464
-1459576	-383500
-1459669	-383536
-1459762	-383572
-1459855	-383609
-1459948	-383646
-1460040	-383685
-1460132	-383724
-1460225	-383761
-1460318	-383798
-1460410	-383837
-1460503	-383873
-1460596	-383910
-1460689	-383947
-1460782	-383984
-1460874	-384023
-1460965	-384065
-1461057	-384103
-1461152	-384136
-1461245	-384173
-1461339	-384205
-1461433	-384240
-1461527	-384275
-1461620	-384310
-1461714	-384344
-1461810	-384374
-1461906	-384401
-1462002	-384428
-1462099	-384454
-1462195	-384481
-1462292	-384505
-1462390	-384526
-1462488	-384548
-1462584	-384573
-1462681	-384598
-1462776	-384630
-1462870	-384665
-1462967	-384691
-1463057	-384733
-1463147	-384776
-1463238	-384818
-1463332	-384851
-1463426	-384886
-1463520	-384920
-1463613	-384956
-1463706	-384994
-1463797	-385035
-1463886	-385081
-1463974	-385128
-1464063	-385173
-1464152	-385219
-1464243	-385261
-1464335	-385301
-1464427	-385340
-1464519	-385378
-1464609	-385423
-1464696	-385471
-1464784	-385519
-1464871	-385569
-1464961	-385613
-1465055	-385647
-1465147	-385685
-1465234	-385735
-1465318	-385788
-1465409	-385831
-1465500	-385871
-1465591	-385912
-1465683	-385953
-1465774	-385995
-1465864	-386038
-1465953	-386084
-1466041	-386130
-1466131	-386174
-1466222	-386215
-1466316	-386250
-1466405	-386296
-1466496	-386338
-1466589	-386375
-1466678	-386419
-1466768	-386465
-1466856	-386510
-1466946	-386555
-1467036	-386599
-1467125	-386644
-1467216	-386686
-1467306	-386728
-1467393	-386777
-1467478	-386831
-1467564	-386882
-1467653	-386928
-1467742	-386972
-1467833	-387014
-1467923	-387058
-1468012	-387104
-1468100	-387151
-1468188	-387199
-1468274	-387250
-1468361	-387299
-1468448	-387347
-1468541	-387384
-1468635	-387418
-1468728	-387456
-1468821	-387492
-1468914	-387530
-1469007	-387566
-1469101	-387601
-1469194	-387636
-1469288	-387671
-1469383	-387705
-1469476	-387739
-1469571	-387772
-1469665	-387805
-1469759	-387839
-1469853	-387874
-1469947	-387910
-1470041	-387944
-1470135	-387978
-1470228	-388012
-1470322	-388046
-1470416	-388081
-1470510	-388116
-1470603	-388151
-1470697	-388186
-1470790	-388223
-1470883	-388259
-1470977	-388296
-1471070	-388331
-1471164	-388367
-1471257	-388402
-1471350	-388438
-1471443	-388474
-1471537	-388509
-1471631	-388545
-1471725	-388577
-1471819	-388614
-1471912	-388650
-1472004	-388687
-1472097	-388724
-1472190	-388762
-1472282	-388800
-1472373	-388841
-1472465	-388881
-1472557	-388922
-1472649	-388961
-1472741	-389000
-1472832	-389040
-1472923	-389082
-1473013	-389126
-1473103	-389171
-1473192	-389214
-1473282	-389258
-1473367	-389312
-1473451	-389365
-1473536	-389418
-1473626	-389463
-1473716	-389507
-1473806	-389550
-1473895	-389594
-1473986	-389638
-1474078	-389677
-1474169	-389718
-1474260	-389758
-1474351	-389801
-1474441	-389843
-1474530	-389888
-1474621	-389932
-1474712	-389973
-1474803	-390014
-1474890	-390064
-1474976	-390115
-1475058	-390172
-1475140	-390229
-1475224	-390284
-1475309	-390336
-1475402	-390373
-1475494	-390412
-1475585	-390454
-1475676	-390495
-1475765	-390539
-1475856	-390580
-1475948	-390622
-1476041	-390656
-1476135	-390692
-1476227	-390730
-1476320	-390769
-1476412	-390808
-1476502	-390849
-1476592	-390893
-1476686	-390928
-1476780	-390964
-1476873	-391001
-1476967	-391035
-1477055	-391081
-1477144	-391128
-1477233	-391173
-1477323	-391217
-1477410	-391265
-1477495	-391317
-1477584	-391365
-1477673	-391410
-1477762	-391454
-1477853	-391497
-1477943	-391541
-1478032	-391585
-1478123	-391626
-1478212	-391672
-1478301	-391718
-1478389	-391765
-1478478	-391812
-1478559	-391870
-1478640	-391928
-1478724	-391982
-1478808	-392038
-1478891	-392092
-1478975	-392148
-1479059	-392201
-1479146	-392252
-1479233	-392301
-1479321	-392349
-1479409	-392396
-1479496	-392445
-1479582	-392497
-1479670	-392542
-1479760	-392587
-1479850	-392631
-1479938	-392679
-1480026	-392727
-1480114	-392772
-1480204	-392818
-1480296	-392855
-1480389	-392893
-1480482	-392931
-1480572	-392972
-1480664	-393014
-1480754	-393055
-1480845	-393098
-1480936	-393140
-1481025	-393184
-1481115	-393229
-1481204	-393275
-1481292	-393322
-1481380	-393370
-1481467	-393419
-1481553	-393469
-1481640	-393519
-1481726	-393571
-1481812	-393622
-1481898	-393671
-1481985	-393720
-1482073	-393770
-1482160	-393819
-1482247	-393866
-1482336	-393914
-1482423	-393963
-1482506	-394017
-1482589	-394074
-1482673	-394129
-1482758	-394181
-1482844	-394232
-1482931	-394282
-1483018	-394329
-1483104	-394382
-1483189	-394433
-1483275	-394484
-1483362	-394535
-1483451	-394581
-1483540	-394626
-1483628	-394674
-1483714	-394723
-1483800	-394774
-1483883	-394832
-1483965	-394887
-1484048	-394944
-1484131	-394999
-1484215	-395053
-1484300	-395107
-1484386	-395158
-1484471	-395211
-1484555	-395266
-1484638	-395321
-1484725	-395369
-1484813	-395418
-1484901	-395465
-1484990	-395512
-1485078	-395557
-1485168	-395602
-1485257	-395648
-1485346	-395694
-1485434	-395741
-1485522	-395789
-1485610	-395837
-1485698	-395884
-1485787	-395930
-1485877	-395973
-1485967	-396017
-1486057	-396061
-1486146	-396105
-1486236	-396149
-1486326	-396193
-1486416	-396236
-1486507	-396278
-1486597	-396321
-1486688	-396364
-1486777	-396408
-1486867	-396452
-1486958	-396495
-1487048	-396538
-1487139	-396579
-1487230	-396621
-1487321	-396661
-1487412	-396703
-1487504	-396742
-1487596	-396781
-1487689	-396819
-1487782	-396856
-1487874	-396895
-1487965	-396935
-1488057	-396975
-1488149	-397015
-1488241	-397053
-1488332	-397095
-1488421	-397140
-1488512	-397181
-1488603	-397224
-1488693	-397265
-1488783	-397310
-1488874	-397351
-1488966	-397392
-1489055	-397435
-1489146	-397479
-1489236	-397522
-1489327	-397564
-1489418	-397603
-1489509	-397646
-1489601	-397685
-1489693	-397724
-1489785	-397764
-1489877	-397803
-1489970	-397841
-1490059	-397886
-1490148	-397932
-1490236	-397978
-1490325	-398024
-1490415	-398069
-1490505	-398112
-1490594	-398158
-1490679	-398210
-1490768	-398255
-1490853	-398309
-1490940	-398357
-1491028	-398405
-1491118	-398448
-1491208	-398492
-1491298	-398537
-1491390	-398576
-1491483	-398613
-1491577	-398646
-1491671	-398680
-1491765	-398714
-1491858	-398752
-1491950	-398790
-1492042	-398829
-1492130	-398877
-1492217	-398927
-1492304	-398976
-1492397	-399013
-1492490	-399048
-1492584	-399084
-1492677	-399120
-1492770	-399156
-1492863	-399193
-1492955	-399232
-1493047	-399272
-1493139	-399311
-1493231	-399351
-1493322	-399391
-1493413	-399432
-1493505	-399473
-1493594	-399517
-1493684	-399561
-1493774	-399605
-1493863	-399650
-1493952	-399696
-1494042	-399741
-1494131	-399786
-1494220	-399832
-1494310	-399876
-1494400	-399918
-1494491	-399961
-1494579	-400007
-1494668	-400054
-1494755	-400102
-1494843	-400150
-1494930	-400199
-1495017	-400249
-1495104	-400298
-1495191	-400347
-1495277	-400398
-1495362	-400451
-1495447	-400503
-1495532	-400557
-1495614	-400613
-1495698	-400668
-1495781	-400724
-1495863	-400781
-1495944	-400839
-1496028	-400894
-1496111	-400950
-1496194	-401005
-1496279	-401059
-1496363	-401113
-1496447	-401167
-1496530	-401222
-1496614	-401277
-1496697	-401333
-1496780	-401389
-1496862	-401445
-1496945	-401502
-1497027	-401558
-1497111	-401613
-1497194	-401668
-1497279	-401722
-1497362	-401777
-1497446	-401832
-1497529	-401887
-1497614	-401940
-1497699	-401993
-1497784	-402046
-1497870	-402097
-1497955	-402149
-1498040	-402201
-1498127	-402251
-1498214	-402301
-1498301	-402350
-1498388	-402399
-1498475	-402448
-1498562	-402497
-1498650	-402545
-1498737	-402594
-1498824	-402643
-1498912	-402692
-1498999	-402741
-1499085	-402791
-1499173	-402840
-1499260	-402889
-1499347	-402938
-1499434	-402987
-1499521	-403036
-1499610	-403083
-1499698	-403130
-1499786	-403177
-1499874	-403224
-1499963	-403271
-1500051	-403318
-1500139	-403366
-1500227	-403413
-1500314	-403463
-1500401	-403512
-1500487	-403562
-1500573	-403613
-1500661	-403662
-1500748	-403711
-1500834	-403761
-1500921	-403811
-1501007	-403862
-1501092	-403914
-1501177	-403968
-1501261	-404021
-1501347	-404072
-1501433	-404123
-1501521	-404171
-1501608	-404220
-1501695	-404269
-1501783	-404317
-1501869	-404368
-1501956	-404418
-1502042	-404469
-1502128	-404520
-1502215	-404570
-1502301	-404620
-1502388	-404670
-1502475	-404720
-1502561	-404771
-1502647	-404822
-1502733	-404872
-1502819	-404923
-1502905	-404974
-1502991	-405026
-1503075	-405079
-1503160	-405133
-1503243	-405188
-1503326	-405244
-1503408	-405301
-1503490	-405359
-1503574	-405413
-1503657	-405469
-1503741	-405523
-1503824	-405578
-1503909	-405631
-1503994	-405684
-1504078	-405738
-1504162	-405792
-1504246	-405846
-1504331	-405899
-1504412	-405958
-1504492	-406018
-1504572	-406078
-1504651	-406139
-1504732	-406198
-1504813	-406257
-1504893	-406317
-1504973	-406377
-1505053	-406437
-1505133	-406497
-1505211	-406560
-1505290	-406620
-1505371	-406680
-1505450	-406740
-1505530	-406801
-1505607	-406864
-1505686	-406926
-1505762	-406990
-1505840	-407054
-1505917	-407117
-1505994	-407181
-1506070	-407245
-1506147	-407309
-1506226	-407371
-1506303	-407434
-1506382	-407496
-1506459	-407559
-1506537	-407622
-1506615	-407684
-1506694	-407746
-1506772	-407808
-1506851	-407870
-1506929	-407932
-1507008	-407993
-1507088	-408054
-1507168	-408114
-1507247	-408174
-1507327	-408235
-1507407	-408295
-1507486	-408356
-1507566	-408416
-1507646	-408476
-1507726	-408537
-1507806	-408596
-1507886	-408656
-1507966	-408716
-1508047	-408775
-1508127	-408834
-1508209	-408892
-1508290	-408950
-1508373	-409007
-1508455	-409064
-1508537	-409121
-1508619	-409178
-1508701	-409235
-1508783	-409293
-1508864	-409351
-1508946	-409408
-1509028	-409466
-1509108	-409525
-1509189	-409584
-1509271	-409642
-1509352	-409700
-1509433	-409759
-1509514	-409817
-1509593	-409878
-1509674	-409938
-1509755	-409996
-1509836	-410054
-1509919	-410111
-1510002	-410167
-1510086	-410221
-1510171	-410273
-1510258	-410323
-1510345	-410372
-1510433	-410420
-1510520	-410469
-1510608	-410517
-1510696	-410564
-1510785	-410610
-1510873	-410657
-1510961	-410705
-1511049	-410752
-1511137	-410800
-1511225	-410847
-1511314	-410893
-1511403	-410939
-1511492	-410984
-1511581	-411030
-1511670	-411076
-1511758	-411123
-1511844	-411174
-1511931	-411223
-1512016	-411275
-1512104	-411324
-1512191	-411373
-1512279	-411421
-1512366	-411469
-1512455	-411516
-1512544	-411561
-1512632	-411608
-1512719	-411657
-1512806	-411706
-1512893	-411756
-1512980	-411806
-1513066	-411857
-1513150	-411911
-1513234	-411965
-1513318	-412019
-1513404	-412070
-1513489	-412123
-1513574	-412175
-1513660	-412227
-1513745	-412279
-1513831	-412331
-1513916	-412384
-1514000	-412438
-1514083	-412493
-1514166	-412549
-1514248	-412606
-1514330	-412664
-1514411	-412722
-1514493	-412780
-1514573	-412839
-1514654	-412898
-1514735	-412957
-1514816	-413016
-1514896	-413075
-1514977	-413134
-1515059	-413191
-1515142	-413247
-1515226	-413302
-1515309	-413357
-1515393	-413411
-1515478	-413464
-1515563	-413516
-1515648	-413569
-1515733	-413622
-1515819	-413673
-1515904	-413725
-1515990	-413776
-1516076	-413828
-1516163	-413878
-1516249	-413929
-1516335	-413979
-1516422	-414028
-1516508	-414079
-1516595	-414129
-1516682	-414179
-1516769	-414228
-1516857	-414276
-1516945	-414323
-1517033	-414371
-1517120	-414420
-1517207	-414469
-1517292	-414521
-1517378	-414572
-1517464	-414624
-1517549	-414676
-1517633	-414730
-1517719	-414782
-1517805	-414833
-1517891	-414884
-1517977	-414934
-1518065	-414983
-1518152	-415032
-1518239	-415081
-1518327	-415129
-1518414	-415177
-1518501	-415226
-1518591	-415271
-1518680	-415316
-1518770	-415360
-1518860	-415404
-1518949	-415449
-1519038	-415494
-1519128	-415539
-1519217	-415584
-1519305	-415631
-1519394	-415678
-1519481	-415726
-1519569	-415774
-1519656	-415823
-1519743	-415872
-1519830	-415921
-1519918	-415970
-1520005	-416019
-1520093	-416067
-1520181	-416114
-1520268	-416163
-1520355	-416212
-1520442	-416261
-1520530	-416310
-1520616	-416360
-1520703	-416409
-1520789	-416460
-1520876	-416510
-1520963	-416560
-1521049	-416611
-1521135	-416661
-1521221	-416712
-1521307	-416764
-1521392	-416817
-1521476	-416870
-1521561	-416923
-1521645	-416977
-1521730	-417030
-1521815	-417083
-1521900	-417136
-1521984	-417190
-1522070	-417242
-1522154	-417295
-1522240	-417347
-1522325	-417400
-1522410	-417452
-1522495	-417504
-1522581	-417556
-1522666	-417608
-1522751	-417661
-1522837	-417713
-1522922	-417765
-1523008	-417816
-1523093	-417869
-1523178	-417921
-1523264	-417973
-1523349	-418025
-1523434	-418078
-1523519	-418131
-1523604	-418183
-1523689	-418236
-1523774	-418288
-1523859	-418341
-1523944	-418394
-1524029	-418446
-1524114	-418499
-1524199	-418551
-1524284	-418604
-1524369	-418657
-1524454	-418709
-1524540	-418761
-1524626	-418812
-1524711	-418864
-1524797	-418915
-1524883	-418966
-1524969	-419017
-1525055	-419069
-1525141	-419120
-1525227	-419171
-1525313	-419221
-1525400	-419271
-1525487	-419321
-1525574	-419370
-1525661	-419419
-1525748	-419468
-1525835	-419518
-1525922	-419567
-1526010	-419615
-1526096	-419665
-1526184	-419713
-1526272	-419761
-1526359	-419809
-1526446	-419859
-1526533	-419908
-1526620	-419957
-1526708	-420005
-1526796	-420053
-1526883	-420102
-1526970	-420152
-1527056	-420202
-1527143	-420252
-1527230	-420302
-1527317	-420351
-1527404	-420400
-1527490	-420451
-1527578	-420499
-1527665	-420547
-1527753	-420595
-1527841	-420642
-1527929	-420690
-1528017	-420737
-1528106	-420783
-1528194	-420830
-1528284	-420875
-1528373	-420919
-1528462	-420966
-1528550	-421013
-1528638	-421060
-1528725	-421109
-1528813	-421158
-1528900	-421207
-1528987	-421255
-1529075	-421304
-1529160	-421356
-1529245	-421409
-1529329	-421463
-1529413	-421517
-1529495	-421574
-1529579	-421629
-1529661	-421686
-1529744	-421742
-1529828	-421796
-1529910	-421853
-1529992	-421911
-1530075	-421966
-1530161	-422018
-1530247	-422069
-1530334	-422118
-1530420	-422168
-1530509	-422215
-1530596	-422264
-1530683	-422314
-1530767	-422367
-1530851	-422422
-1530933	-422479
-1531013	-422539
-1531092	-422600
-1531170	-422663
-1531247	-422726
-1531325	-422789
-1531404	-422851
-1531482	-422914
-1531561	-422975
-1531640	-423035
-1531720	-423096
-1531800	-423156
-1531880	-423216
-1531960	-423275
-1532041	-423335
-1532122	-423393
-1532203	-423452
-1532283	-423511
-1532363	-423571
-1532444	-423630
-1532524	-423690
-1532604	-423750
-1532684	-423811
-1532763	-423871
-1532843	-423932
-1532923	-423992
-1533003	-424052
-1533082	-424113
-1533162	-424173
-1533242	-424233
-1533322	-424293
-1533401	-424354
-1533481	-424414
-1533560	-424475
-1533639	-424536
-1533718	-424598
-1533795	-424661
-1533873	-424725
-1533949	-424789
-1534024	-424855
-1534100	-424921
-1534173	-424988
-1534248	-425055
-1534321	-425123
-1534393	-425192
-1534465	-425262
-1534537	-425331
-1534609	-425401
-1534680	-425471
-1534750	-425542
-1534822	-425612
-1534894	-425681
-1534967	-425749
-1535042	-425816
-1535117	-425882
-1535194	-425946
-1535271	-426009
-1535350	-426071
-1535429	-426132
-1535509	-426192
-1535589	-426252
-1535670	-426311
-1535751	-426370
-1535831	-426429
-1535912	-426488
-1535992	-426548
-1536071	-426610
-1536148	-426673
-1536225	-426737
-1536299	-426804
-1536373	-426871
-1536447	-426939
-1536520	-427007
-1536592	-427076
-1536666	-427144
-1536738	-427213
-1536811	-427282
-1536885	-427349
-1536957	-427418
-1537030	-427487
-1537103	-427555
-1537177	-427622
-1537250	-427690
-1537323	-427759
-1537396	-427827
-1537472	-427893
-1537546	-427959
-1537621	-428026
-1537699	-428088
-1537779	-428148
-1537858	-428210
-1537936	-428272
-1538015	-428334
-1538094	-428395
-1538173	-428456
-1538252	-428518
-1538331	-428579
-1538410	-428640
-1538489	-428702
-1538567	-428764
-1538645	-428827
-1538722	-428890
-1538798	-428955
-1538874	-429020
-1538950	-429085
-1539025	-429151
-1539100	-429217
-1539175	-429283
-1539250	-429349
-1539325	-429416
-1539399	-429483
-1539473	-429550
-1539547	-429617
-1539622	-429684
-1539697	-429750
-1539772	-429816
-1539847	-429882
-1539922	-429948
-1539998	-430012
-1540075	-430077
-1540152	-430141
-1540229	-430205
-1540306	-430269
-1540382	-430332
-1540459	-430396
-1540536	-430461
-1540613	-430525
-1540690	-430588
-1540767	-430652
-1540843	-430716
-1540920	-430780
-1540997	-430845
-1541074	-430909
-1541150	-430974
-1541226	-431039
-1541302	-431104
-1541378	-431169
-1541454	-431234
-1541530	-431299
-1541607	-431361
-1541685	-431425
-1541763	-431487
-1541841	-431549
-1541919	-431611
-1541999	-431673
-1542079	-431733
-1542158	-431794
-1542238	-431854
-1542317	-431915
-1542397	-431975
-1542477	-432035
-1542557	-432095
-1542637	-432155
-1542717	-432215
-1542796	-432275
-1542876	-432335
-1542955	-432396
-1543034	-432458
-1543113	-432519
-1543191	-432582
-1543269	-432644
-1543348	-432707
-1543426	-432768
-1543505	-432829
-1543584	-432890
-1543665	-432949
-1543745	-433009
-1543827	-433067
-1543908	-433125
-1543990	-433183
-1544071	-433241
-1544153	-433298
-1544235	-433356
-1544317	-433413
-1544398	-433471
-1544480	-433528
-1544562	-433586
-1544644	-433643
-1544726	-433701
-1544807	-433759
-1544888	-433817
-1544969	-433876
-1545049	-433936
-1545129	-433996
-1545210	-434055
-1545290	-434115
-1545371	-434174
-1545452	-434233
-1545532	-434292
-1545612	-434352
-1545693	-434411
-1545773	-434471
-1545853	-434531
-1545933	-434591
-1546014	-434651
-1546094	-434710
-1546176	-434768
-1546257	-434826
-1546339	-434884
-1546420	-434941
-1546503	-434997
-1546586	-435053
-1546669	-435109
-1546752	-435165
-1546835	-435221
-1546917	-435277
-1547001	-435332
-1547084	-435388
-1547167	-435443
-1547250	-435499
-1547334	-435555
-1547417	-435610
-1547500	-435665
-1547583	-435721
-1547666	-435777
-1547749	-435833
-1547831	-435889
-1547915	-435944
-1547999	-435999
-1548083	-436054
-1548166	-436108
-1548250	-436164
-1548333	-436218
-1548417	-436274
-1548500	-436328
-1548584	-436382
-1548668	-436436
-1548753	-436491
-1548836	-436545
-1548920	-436600
-1549004	-436655
-1549087	-436709
-1549171	-436763
-1549256	-436816
-1549341	-436869
-1549426	-436922
-1549511	-436975
-1549596	-437028
-1549681	-437080
-1549766	-437132
-1549852	-437183
-1549938	-437234
-1550024	-437286
-1550110	-437337
-1550196	-437388
-1550282	-437439
-1550369	-437489
-1550455	-437540
-1550541	-437590
-1550628	-437640
-1550714	-437690
-1550801	-437740
-1550888	-437791
-1550974	-437840
-1551061	-437890
-1551148	-437939
-1551235	-437988
-1551322	-438038
-1551409	-438087
-1551496	-438136
-1551584	-438185
-1551672	-438233
-1551759	-438280
-1551848	-438328
-1551936	-438375
-1552024	-438423
-1552112	-438469
-1552200	-438516
-1552289	-438564
-1552378	-438609
-1552466	-438657
-1552555	-438702
-1552645	-438746
-1552733	-438792
-1552823	-438838
-1552912	-438883
-1553001	-438927
-1553091	-438972
-1553180	-439017
-1553270	-439062
-1553359	-439107
-1553449	-439151
-1553538	-439196
-1553627	-439242
-1553717	-439286
-1553806	-439331
-1553896	-439375
-1553986	-439419
-1554076	-439463
-1554165	-439507
-1554255	-439552
-1554345	-439596
-1554434	-439640
-1554524	-439684
-1554614	-439727
-1554705	-439770
-1554795	-439813
-1554886	-439854
-1554977	-439895
-1555069	-439936
-1555160	-439976
-1555252	-440016
-1555343	-440057
-1555434	-440097
-1555526	-440138
-1555617	-440179
-1555709	-440219
-1555801	-440258
-1555892	-440298
-1555984	-440338
-1556076	-440377
-1556168	-440416
-1556261	-440454
-1556353	-440491
-1556446	-440529
-1556539	-440566
-1556632	-440603
-1556725	-440640
-1556818	-440676
-1556911	-440713
-1557004	-440750
-1557097	-440787
-1557190	-440823
-1557283	-440860
-1557376	-440896
-1557469	-440934
-1557562	-440971
-1557655	-441007
-1557748	-441044
-1557841	-441080
-1557934	-441117
-1558027	-441154
-1558120	-441191
-1558213	-441225
-1558307	-441260
-1558401	-441296
-1558495	-441330
-1558589	-441364
-1558683	-441396
-1558777	-441430
-1558871	-441464
-1558965	-441498
-1559060	-441532
-1559154	-441566
-1559248	-441600
-1559342	-441634
-1559436	-441666
-1559530	-441699
-1559625	-441731
-1559720	-441765
-1559814	-441796
-1559909	-441828
-1560003	-441861
-1560098	-441893
-1560193	-441927
-1560287	-441958
-1560382	-441990
-1560477	-442023
-1560571	-442054
-1560666	-442086
-1560762	-442117
-1560857	-442148
-1560952	-442177
-1561048	-442208
-1561143	-442237
-1561238	-442267
-1561334	-442296
-1561430	-442326
-1561526	-442354
-1561622	-442382
-1561718	-442410
-1561814	-442438
-1561910	-442466
-1562006	-442492
-1562102	-442520
-1562198	-442547
-1562294	-442575
-1562391	-442603
-1562486	-442631
-1562582	-442660
-1562678	-442691
-1562773	-442719
-1562869	-442750
-1562964	-442778
-1563060	-442807
-1563156	-442838
-1563252	-442866
-1563347	-442894
-1563443	-442924
-1563539	-442953
-1563635	-442981
-1563730	-443009
-1563826	-443037
-1563922	-443066
-1564018	-443096
-1564114	-443125
-1564209	-443155
-1564305	-443184
-1564400	-443214
-1564496	-443243
-1564592	-443272
-1564687	-443301
-1564783	-443330
-1564879	-443358
-1564975	-443386
-1565071	-443414
-1565168	-443440
-1565264	-443466
-1565361	-443492
-1565457	-443517
-1565554	-443543
-1565650	-443569
-1565747	-443596
-1565843	-443622
-1565940	-443649
-1566036	-443674
-1566133	-443702
-1566229	-443729
-1566325	-443755
-1566422	-443782
-1566518	-443807
-1566615	-443833
-1566712	-443858
-1566809	-443882
-1566907	-443904
-1567004	-443926
-1567102	-443949
-1567199	-443970
-1567297	-443991
-1567395	-444011
-1567493	-444031
-1567591	-444051
-1567689	-444071
-1567787	-444090
-1567886	-444109
-1567984	-444127
-1568082	-444146
-1568180	-444164
-1568278	-444183
-1568377	-444203
-1568475	-444222
-1568573	-444241
-1568671	-444260
-1568769	-444278
-1568868	-444297
-1568966	-444315
-1569064	-444333
-1569163	-444350
-1569261	-444368
-1569360	-444385
-1569458	-444400
-1569557	-444418
-1569656	-444433
-1569755	-444449
-1569854	-444463
-1569953	-444477
-1570051	-444491
-1570150	-444506
-1570249	-444522
-1570348	-444536
-1570447	-444551
-1570546	-444566
-1570645	-444580
-1570744	-444595
-1570843	-444609
-1570942	-444623
-1571041	-444638
-1571140	-444652
-1571239	-444665
-1571338	-444678
-1571437	-444691
-1571536	-444703
-1571635	-444716
-1571735	-444728
-1571834	-444740
-1571933	-444750
-1572033	-444762
-1572132	-444771
-1572232	-444782
-1572331	-444792
-1572431	-444803
-1572530	-444814
-1572629	-444824
-1572729	-444836
-1572828	-444845
-1572928	-444857
-1573027	-444868
-1573126	-444879
-1573226	-444891
-1573325	-444901
-1573424	-444912
-1573524	-444924
-1573623	-444933
-1573723	-444945
-1573822	-444955
-1573921	-444966
-1574021	-444978
-1574120	-444988
-1574219	-445000
-1574319	-445010
-1574418	-445020
-1574518	-445029
-1574618	-445039
-1574717	-445047
-1574817	-445056
-1574916	-445066
-1575016	-445073
-1575116	-445081
-1575215	-445089
-1575315	-445096
-1575415	-445103
-1575515	-445111
-1575614	-445117
-1575714	-445124
-1575814	-445130
-1575914	-445136
-1576014	-445142
-1576114	-445147
-1576213	-445152
-1576313	-445157
-1576413	-445161
-1576513	-445166
-1576613	-445170
-1576713	-445174
-1576813	-445179
-1576913	-445185
-1577012	-445189
-1577112	-445193
-1577212	-445197
-1577312	-445200
-1577412	-445204
-1577512	-445208
-1577612	-445212
-1577712	-445216
-1577812	-445219
-1577912	-445222
-1578011	-445226
-1578111	-445229
-1578211	-445232
-1578311	-445236
-1578411	-445238
-1578511	-445240
-1578611	-445241
-1578711	-445243
-1578811	-445244
-1578911	-445246
-1579011	-445247
-1579111	-445247
-1579211	-445248
-1579311	-445249
-1579411	-445249
-1579511	-445250
-1579611	-445250
-1579711	-445250
-1579811	-445250
-1579911	-445250
-1580011	-445250
-1580111	-445250
-1580211	-445249
-1580311	-445248
-1580411	-445246
-1580511	-445245
-1580611	-445243
-1580711	-445241
-1580811	-445239
-1580911	-445237
-1581011	-445235
-1581111	-445233
-1581211	-445231
-1581311	-445228
-1581411	-445226
-1581511	-445224
-1581611	-445222
-1581711	-445220
-1581811	-445217
-1581911	-445215
-1582011	-445214
-1582111	-445213
-1582211	-445213
-1582311	-445212
-1582411	-445210
-1582511	-445209
-1582611	-445207
-1582711	-445204
-1582811	-445202
-1582911	-445199
-1583011	-445197
-1583111	-445195
-1583211	-445192
-1583311	-445190
-1583411	-445187
-1583511	-445184
-1583611	-445182
-1583711	-445179
-1583811	-445177
-1583911	-445176
-1584011	-445174
-1584111	-445173
-1584211	-445171
-1584311	-445170
-1584411	-445168
-1584511	-445166
-1584611	-445165
-1584711	-445163
-1584811	-445159
-1584911	-445156
-1585011	-445152
-1585111	-445148
-1585211	-445143
-1585311	-445137
-1585411	-445131
-1585510	-445123
-1585610	-445115
-1585710	-445107
-1585809	-445097
-1585909	-445087
-1586008	-445077
-1586108	-445067
-1586207	-445055
-1586306	-445043
-1586405	-445031
-1586505	-445018
-1586604	-445004
-1586703	-444990
-1586802	-444976
-1586901	-444962
-1587000	-444949
-1587099	-444935
-1587198	-444920
-1587297	-444907
-1587396	-444893
-1587495	-444880
-1587594	-444867
-1587693	-444856
-1587793	-444844
-1587892	-444831
-1587991	-444820
-1588090	-444808
-1588190	-444796
-1588289	-444783
-1588388	-444773
-1588488	-444762
-1588587	-444751
-1588686	-444740
-1588785	-444726
-1588884	-444711
-1588983	-444695
-1589082	-444679
-1589180	-444662
-1589279	-444644
-1589377	-444624
-1589475	-444604
-1589573	-444584
-1589670	-444564
-1589768	-444543
-1589866	-444520
-1589963	-444498
-1590060	-444475
-1590157	-444451
-1590255	-444427
-1590352	-444402
-1590449	-444378
-1590546	-444354
-1590643	-444330
-1590740	-444307
-1590837	-444283
-1590935	-444260
-1591032	-444235
-1591129	-444211
-1591226	-444186
-1591323	-444162
-1591419	-444137
-1591516	-444111
-1591613	-444086
-1591710	-444061
-1591807	-444036
-1591903	-444010
-1592000	-443985
-1592097	-443960
-1592194	-443935
-1592290	-443909
-1592387	-443883
-1592484	-443857
-1592580	-443831
-1592677	-443805
-1592774	-443780
-1592870	-443755
-1592968	-443731
-1593064	-443706
-1593162	-443682
-1593258	-443657
-1593355	-443631
-1593452	-443605
-1593548	-443579
-1593645	-443553
-1593741	-443527
-1593838	-443501
-1593934	-443475
-1594031	-443448
-1594127	-443421
-1594223	-443394
-1594320	-443367
-1594416	-443340
-1594512	-443313
-1594609	-443287
-1594705	-443260
-1594802	-443234
-1594898	-443208
-1594995	-443183
-1595092	-443157
-1595188	-443132
-1595285	-443107
-1595382	-443081
-1595478	-443055
-1595575	-443028
-1595671	-443002
-1595768	-442976
-1595864	-442949
-1595961	-442923
-1596057	-442897
-1596154	-442870
-1596250	-442843
-1596346	-442815
-1596442	-442787
-1596538	-442761
-1596635	-442734
-1596731	-442708
-1596828	-442681
-1596924	-442654
-1597020	-442627
-1597116	-442599
-1597212	-442571
-1597308	-442542
-1597404	-442513
-1597499	-442484
-1597595	-442455
-1597691	-442426
-1597786	-442396
-1597882	-442367
-1597977	-442337
-1598073	-442308
-1598169	-442279
-1598264	-442250
-1598360	-442222
-1598456	-442193
-1598552	-442166
-1598649	-442139
-1598745	-442111
-1598841	-442085
-1598938	-442058
-1599034	-442032
-1599131	-442006
-1599227	-441980
-1599324	-441954
-1599421	-441929
-1599517	-441903
-1599614	-441877
-1599710	-441851
-1599807	-441826
-1599904	-441800
-1600000	-441774
