-1446976	-369948
-1447063	-369995
-1447150	-370044
-1447238	-370094
-1447325	-370143
-1447412	-370192
-1447500	-370239
-1447587	-370287
-1447675	-370337
-1447762	-370384
-1447851	-370431
-1447938	-370479
-1448025	-370528
-1448113	-370578
-1448200	-370627
-1448286	-370676
-1448373	-370727
-1448460	-370775
-1448547	-370824
-1448635	-370874
-1448722	-370921
-1448810	-370969
-1448898	-371016
-1448987	-371063
-1449076	-371109
-1449166	-371153
-1449256	-371194
-1449347	-371237
-1449438	-371279
-1449527	-371324
-1449617	-371367
-1449709	-371408
-1449801	-371447
-1449889	-371494
-1449977	-371542
-1450065	-371589
-1450159	-371624
-1450255	-371649
-1450351	-371679
-1450447	-371708
-1450541	-371739
-1450630	-371787
-1450714	-371841
-1450803	-371887
-1450890	-371936
-1450983	-371972
-1451073	-372014
-1451163	-372060
-1451257	-372094
-1451351	-372125
-1451447	-372156
-1451543	-372185
-1451638	-372215
-1451729	-372257
-1451819	-372300
-1451914	-372331
-1451996	-372388
-1452077	-372447
-1452171	-372482
-1452262	-372523
-1452351	-372568
-1452440	-372612
-1452529	-372659
-1452621	-372697
-1452708	-372746
-1452787	-372809
-1452865	-372870
-1452944	-372933
-1453025	-372991
-1453099	-373058
-1453173	-373126
-1453247	-373193
-1453330	-373249
-1453413	-373305
-1453496	-373359
-1453582	-373410
-1453670	-373457
-1453760	-373503
-1453849	-373548
-1453936	-373598
-1454018	-373655
-1454101	-373711
-1454197	-373738
-1454295	-373759
-1454393	-373779
-1454491	-373799
-1454590	-373812
-1454686	-373838
-1454768	-373896
-1454844	-373960
-1454920	-374025
-1455005	-374079
-1455091	-374131
-1455178	-374180
-1455266	-374227
-1455354	-374275
-1455441	-374324
-1455533	-374364
-1455625	-374402
-1455718	-374439
-1455802	-374493
-1455886	-374548
-1455974	-374595
-1456062	-374643
-1456149	-374692
-1456236	-374741
-1456325	-374786
-1456415	-374830
-1456507	-374868
-1456598	-374909
-1456689	-374953
-1456780	-374994
-1456874	-375028
-1456968	-375063
-1457060	-375102
-1457153	-375139
-1457243	-375180
-1457334	-375222
-1457425	-375265
-1457515	-375306
-1457607	-375348
-1457698	-375389
-1457789	-375428
-1457883	-375465
-1457975	-375502
-1458068	-375541
-1458161	-375576
-1458254	-375612
-1458348	-375649
-1458438	-375692
-1458528	-375736
-1458617	-375780
-1458706	-375825
-1458797	-375867
-1458889	-375906
-1458983	-375942
-1459076	-375977
-1459163	-376028
-1459251	-376074
-1459339	-376121
-1459431	-376161
-1459520	-376208
-1459611	-376249
-1459706	-376279
-1459801	-376312
-1459895	-376343
-1459990	-376377
-1460085	-376405
-1460182	-376432
-1460279	-376455
-1460377	-376478
-1460474	-376502
-1460568	-376533
-1460659	-376575
-1460750	-376617
-1460843	-376653
-1460932	-376698
-1461025	-376737
-1461120	-376769
-1461215	-376797
-1461310	-376828
-1461405	-376860
-1461503	-376883
-1461600	-376903
-1461699	-376921
-1461792	-376957
-1461884	-376996
-1461977	-377035
-1462069	-377072
-1462161	-377113
-1462252	-377152
-1462344	-377192
-1462434	-377235
-1462524	-377279
-1462614	-377325
-1462704	-377368
-1462796	-377407
-1462888	-377447
-1462980	-377486
-1463072	-377523
-1463166	-377560
-1463258	-377596
-1463351	-377635
-1463444	-377672
-1463537	-377709
-1463627	-377750
-1463718	-377791
-1463811	-377830
-1463898	-377879
-1463988	-377924
-1464077	-377967
-1464167	-378011
-1464257	-378057
-1464346	-378101
-1464435	-378148
-1464524	-378192
-1464613	-378237
-1464704	-378279
-1464795	-378320
-1464884	-378368
-1464972	-378413
-1465060	-378463
-1465149	-378507
-1465240	-378550
-1465332	-378589
-1465422	-378633
-1465513	-378674
-1465604	-378713
-1465700	-378742
-1465795	-378774
-1465888	-378811
-1465970	-378867
-1466054	-378922
-1466141	-378971
-1466232	-379014
-1466321	-379058
-1466408	-379108
-1466495	-379157
-1466582	-379206
-1466666	-379260
-1466753	-379311
-1466841	-379359
-1466931	-379400
-1467023	-379440
-1467113	-379485
-1467202	-379530
-1467290	-379576
-1467379	-379623
-1467469	-379666
-1467559	-379710
-1467650	-379751
-1467741	-379793
-1467832	-379834
-1467924	-379874
-1468015	-379914
-1468107	-379954
-1468197	-379997
-1468288	-380039
-1468379	-380081
-1468470	-380122
-1468561	-380162
-1468654	-380200
-1468746	-380238
-1468840	-380272
-1468934	-380307
-1469028	-380342
-1469122	-380377
-1469216	-380411
-1469311	-380443
-1469403	-380479
-1469496	-380517
-1469584	-380564
-1469672	-380612
-1469760	-380660
-1469850	-380703
-1469940	-380746
-1470031	-380789
-1470121	-380831
-1470212	-380872
-1470303	-380915
-1470392	-380961
-1470482	-381003
-1470571	-381050
-1470658	-381099
-1470744	-381150
-1470832	-381198
-1470921	-381243
-1471008	-381291
-1471098	-381336
-1471182	-381390
-1471264	-381447
-1471346	-381504
-1471428	-381562
-1471508	-381621
-1471591	-381677
-1471674	-381733
-1471758	-381788
-1471842	-381842
-1471928	-381893
-1472014	-381944
-1472102	-381992
-1472188	-382042
-1472277	-382088
-1472366	-382133
-1472457	-382176
-1472547	-382218
-1472639	-382257
-1472729	-382301
-1472819	-382345
-1472911	-382385
-1473002	-382426
-1473094	-382465
-1473186	-382504
-1473277	-382545
-1473369	-382584
-1473462	-382623
-1473555	-382659
-1473648	-382695
-1473742	-382730
-1473834	-382769
-1473927	-382806
-1474022	-382838
-1474113	-382878
-1474206	-382914
-1474300	-382949
-1474393	-382986
-1474485	-383025
-1474577	-383065
-1474670	-383101
-1474763	-383138
-1474855	-383178
-1474946	-383218
-1475037	-383259
-1475129	-383299
-1475220	-383341
-1475309	-383386
-1475400	-383428
-1475491	-383470
-1475582	-383510
-1475674	-383550
-1475767	-383587
-1475860	-383623
-1475955	-383654
-1476050	-383685
-1476145	-383716
-1476242	-383742
-1476328	-383794
-1476414	-383845
-1476507	-383881
-1476601	-383914
-1476695	-383949
-1476788	-383985
-1476881	-384023
-1476973	-384061
-1477067	-384096
-1477155	-384143
-1477242	-384192
-1477323	-384251
-1477409	-384302
-1477497	-384351
-1477583	-384402
-1477668	-384454
-1477751	-384509
-1477835	-384565
-1477920	-384618
-1478004	-384671
-1478088	-384726
-1478175	-384775
-1478263	-384821
-1478353	-384865
-1478443	-384910
-1478533	-384952
-1478624	-384994
-1478717	-385031
-1478809	-385070
-1478902	-385107
-1478994	-385145
-1479088	-385179
-1479182	-385215
-1479269	-385263
-1479362	-385301
-1479454	-385340
-1479547	-385377
-1479640	-385412
-1479733	-385451
-1479825	-385489
-1479918	-385526
-1480012	-385561
-1480105	-385597
-1480199	-385631
-1480292	-385668
-1480385	-385704
-1480479	-385739
-1480572	-385775
-1480666	-385810
-1480759	-385847
-1480852	-385882
-1480946	-385917
-1481036	-385962
-1481126	-386005
-1481218	-386043
-1481311	-386081
-1481404	-386118
-1481498	-386152
-1481592	-386186
-1481686	-386219
-1481780	-386253
-1481874	-386288
-1481967	-386324
-1482062	-386357
-1482156	-386389
-1482251	-386422
-1482345	-386455
-1482439	-386488
-1482534	-386521
-1482628	-386554
-1482723	-386585
-1482818	-386617
-1482913	-386649
-1483007	-386682
-1483102	-386715
-1483196	-386749
-1483289	-386784
-1483383	-386818
-1483477	-386853
-1483572	-386885
-1483667	-386917
-1483762	-386948
-1483857	-386979
-1483952	-387010
-1484047	-387041
-1484141	-387076
-1484234	-387114
-1484326	-387150
-1484419	-387189
-1484508	-387235
-1484594	-387284
-1484677	-387340
-1484774	-387364
-1484872	-387384
-1484961	-387431
-1485049	-387478
-1485137	-387526
-1485224	-387574
-1485312	-387624
-1485407	-387653
-1485499	-387692
-1485590	-387734
-1485681	-387776
-1485772	-387817
-1485862	-387861
-1485953	-387901
-1486045	-387940
-1486140	-387973
-1486232	-388012
-1486323	-388052
-1486416	-388091
-1486501	-388143
-1486589	-388190
-1486684	-388221
-1486780	-388251
-1486875	-388280
-1486972	-388308
-1487064	-388346
-1487155	-388389
-1487246	-388430
-1487336	-388471
-1487426	-388515
-1487517	-388557
-1487612	-388588
-1487707	-388618
-1487804	-388645
-1487898	-388678
-1487993	-388710
-1488088	-388740
-1488183	-388771
-1488279	-388801
-1488374	-388831
-1488469	-388862
-1488564	-388894
-1488659	-388926
-1488754	-388957
-1488849	-388987
-1488945	-389018
-1489040	-389048
-1489136	-389076
-1489232	-389102
-1489328	-389132
-1489424	-389161
-1489519	-389189
-1489616	-389216
-1489712	-389244
-1489806	-389278
-1489899	-389314
-1489994	-389346
-1490087	-389382
-1490180	-389418
-1490274	-389452
-1490369	-389484
-1490464	-389516
-1490555	-389557
-1490649	-389592
-1490743	-389626
-1490837	-389660
-1490931	-389693
-1491026	-389727
-1491120	-389761
-1491213	-389796
-1491306	-389832
-1491399	-389870
-1491491	-389908
-1491584	-389944
-1491678	-389979
-1491772	-390014
-1491866	-390047
-1491960	-390084
-1492052	-390120
-1492145	-390158
-1492236	-390199
-1492326	-390243
-1492417	-390284
-1492508	-390325
-1492600	-390364
-1492692	-390404
-1492784	-390443
-1492878	-390478
-1492972	-390512
-1493067	-390544
-1493161	-390576
-1493256	-390609
-1493351	-390639
-1493446	-390670
-1493543	-390698
-1493639	-390726
-1493734	-390756
-1493829	-390787
-1493923	-390820
-1494018	-390854
-1494112	-390885
-1494207	-390917
-1494302	-390949
-1494397	-390981
-1494492	-391011
-1494587	-391042
-1494681	-391075
-1494777	-391105
-1494873	-391133
-1494968	-391163
-1495064	-391192
-1495160	-391222
-1495255	-391250
-1495351	-391279
-1495447	-391307
-1495543	-391335
-1495639	-391362
-1495736	-391390
-1495832	-391416
-1495928	-391442
-1496025	-391468
-1496122	-391495
-1496218	-391523
-1496314	-391551
-1496409	-391580
-1496502	-391616
-1496594	-391655
-1496689	-391687
-1496784	-391718
-1496880	-391747
-1496975	-391777
-1497071	-391808
-1497166	-391840
-1497261	-391871
-1497356	-391900
-1497451	-391931
-1497546	-391963
-1497641	-391996
-1497735	-392030
-1497829	-392064
-1497922	-392098
-1498016	-392133
-1498111	-392164
-1498206	-392195
-1498301	-392226
-1498397	-392254
-1498494	-392282
-1498590	-392310
-1498685	-392341
-1498779	-392374
-1498875	-392404
-1498970	-392432
-1499064	-392469
-1499157	-392505
-1499250	-392540
-1499343	-392579
-1499435	-392618
-1499528	-392652
-1499622	-392689
-1499713	-392729
-1499803	-392772
-1499893	-392816
-1499985	-392855
-1500075	-392898
-1500165	-392944
-1500255	-392986
-1500349	-393020
-1500443	-393056
-1500537	-393090
-1500628	-393129
-1500719	-393171
-1500811	-393212
-1500903	-393249
-1500996	-393286
-1501089	-393322
-1501182	-393359
-1501276	-393396
-1501368	-393433
-1501460	-393473
-1501551	-393513
-1501643	-393554
-1501733	-393596
-1501824	-393638
-1501915	-393680
-1502006	-393721
-1502097	-393762
-1502188	-393803
-1502280	-393843
-1502369	-393889
-1502458	-393934
-1502549	-393975
-1502640	-394017
-1502730	-394061
-1502819	-394107
-1502908	-394151
-1502998	-394196
-1503088	-394239
-1503176	-394286
-1503265	-394332
-1503353	-394380
-1503441	-394427
-1503530	-394473
-1503620	-394518
-1503710	-394562
-1503799	-394606
-1503888	-394651
-1503977	-394697
-1504067	-394742
-1504156	-394787
-1504245	-394832
-1504334	-394877
-1504424	-394921
-1504512	-394968
-1504601	-395015
-1504690	-395060
-1504778	-395107
-1504866	-395155
-1504954	-395202
-1505041	-395252
-1505127	-395303
-1505214	-395352
-1505302	-395401
-1505389	-395449
-1505477	-395496
-1505564	-395547
-1505651	-395596
-1505737	-395646
-1505827	-395691
-1505916	-395735
-1506006	-395781
-1506095	-395825
-1506181	-395876
-1506266	-395928
-1506353	-395979
-1506440	-396029
-1506528	-396076
-1506615	-396126
-1506699	-396178
-1506785	-396229
-1506873	-396278
-1506961	-396324
-1507051	-396370
-1507141	-396413
-1507228	-396461
-1507316	-396509
-1507405	-396556
-1507493	-396603
-1507582	-396649
-1507671	-396695
-1507759	-396742
-1507847	-396788
-1507936	-396835
-1508025	-396881
-1508114	-396927
-1508201	-396974
-1508289	-397024
-1508373	-397077
-1508457	-397132
-1508538	-397190
-1508618	-397249
-1508700	-397308
-1508783	-397364
-1508858	-397430
-1508929	-397499
-1509004	-397566
-1509077	-397635
-1509155	-397697
-1509236	-397756
-1509319	-397812
-1509405	-397861
-1509494	-397908
-1509582	-397954
-1509672	-398000
-1509761	-398045
-1509849	-398091
-1509937	-398140
-1510024	-398188
-1510112	-398237
-1510199	-398284
-1510287	-398334
-1510372	-398385
-1510458	-398437
-1510544	-398488
-1510630	-398540
-1510716	-398590
-1510803	-398640
-1510889	-398689
-1510975	-398740
-1511061	-398793
-1511146	-398845
-1511231	-398897
-1511318	-398948
-1511404	-398999
-1511488	-399051
-1511573	-399105
-1511657	-399158
-1511742	-399212
-1511827	-399264
-1511912	-399318
-1511997	-399371
-1512082	-399423
-1512165	-399478
-1512249	-399532
-1512333	-399587
-1512416	-399642
-1512500	-399698
-1512584	-399752
-1512667	-399806
-1512752	-399860
-1512836	-399913
-1512921	-399966
-1513005	-400020
-1513091	-400073
-1513177	-400124
-1513263	-400175
-1513349	-400225
-1513435	-400276
-1513521	-400328
-1513608	-400377
-1513695	-400427
-1513782	-400476
-1513869	-400525
-1513955	-400576
-1514041	-400627
-1514127	-400678
-1514213	-400730
-1514299	-400781
-1514384	-400832
-1514469	-400884
-1514555	-400936
-1514641	-400987
-1514728	-401037
-1514815	-401085
-1514902	-401134
-1514987	-401188
-1515071	-401241
-1515155	-401297
-1515240	-401350
-1515322	-401406
-1515405	-401463
-1515488	-401519
-1515570	-401575
-1515653	-401631
-1515738	-401684
-1515823	-401737
-1515909	-401787
-1515996	-401838
-1516081	-401890
-1516166	-401942
-1516251	-401995
-1516334	-402051
-1516417	-402106
-1516500	-402162
-1516584	-402217
-1516667	-402271
-1516751	-402326
-1516835	-402381
-1516919	-402436
-1517003	-402490
-1517087	-402544
-1517171	-402598
-1517256	-402651
-1517341	-402704
-1517426	-402756
-1517510	-402810
-1517595	-402863
-1517679	-402917
-1517763	-402970
-1517848	-403024
-1517932	-403077
-1518016	-403133
-1518099	-403187
-1518182	-403243
-1518264	-403300
-1518347	-403357
-1518430	-403413
-1518512	-403470
-1518594	-403526
-1518676	-403585
-1518758	-403642
-1518840	-403699
-1518922	-403757
-1519003	-403815
-1519083	-403875
-1519163	-403935
-1519244	-403994
-1519325	-404053
-1519405	-404112
-1519484	-404174
-1519561	-404238
-1519640	-404298
-1519718	-404361
-1519796	-404424
-1519874	-404486
-1519951	-404551
-1520027	-404614
-1520103	-404679
-1520181	-404743
-1520257	-404808
-1520333	-404873
-1520410	-404937
-1520485	-405003
-1520561	-405068
-1520636	-405133
-1520713	-405198
-1520790	-405262
-1520867	-405326
-1520943	-405390
-1521021	-405453
-1521096	-405518
-1521170	-405586
-1521244	-405654
-1521317	-405722
-1521392	-405787
-1521471	-405850
-1521548	-405913
-1521623	-405979
-1521696	-406047
-1521771	-406114
-1521847	-406179
-1521924	-406243
-1521997	-406310
-1522072	-406376
-1522147	-406443
-1522227	-406504
-1522305	-406566
-1522384	-406627
-1522464	-406687
-1522544	-406747
-1522623	-406807
-1522703	-406867
-1522784	-406927
-1522865	-406985
-1522946	-407043
-1523027	-407103
-1523108	-407160
-1523190	-407219
-1523271	-407278
-1523352	-407335
-1523434	-407392
-1523516	-407450
-1523599	-407506
-1523681	-407562
-1523764	-407618
-1523848	-407674
-1523932	-407728
-1524015	-407782
-1524099	-407837
-1524183	-407891
-1524267	-407945
-1524352	-407998
-1524436	-408052
-1524520	-408106
-1524605	-408161
-1524689	-408213
-1524774	-408266
-1524860	-408319
-1524945	-408370
-1525031	-408422
-1525117	-408473
-1525202	-408525
-1525289	-408575
-1525374	-408627
-1525459	-408679
-1525545	-408731
-1525630	-408783
-1525716	-408836
-1525801	-408888
-1525886	-408940
-1525971	-408992
-1526056	-409046
-1526140	-409099
-1526225	-409153
-1526309	-409206
-1526394	-409259
-1526479	-409311
-1526564	-409364
-1526650	-409417
-1526734	-409469
-1526819	-409522
-1526904	-409575
-1526990	-409626
-1527076	-409678
-1527162	-409728
-1527249	-409777
-1527336	-409826
-1527424	-409876
-1527511	-409925
-1527598	-409972
-1527686	-410022
-1527773	-410070
-1527860	-410118
-1527948	-410168
-1528035	-410215
-1528122	-410265
-1528210	-410312
-1528297	-410362
-1528384	-410411
-1528471	-410460
-1528560	-410507
-1528648	-410555
-1528736	-410601
-1528824	-410648
-1528913	-410696
-1529002	-410741
-1529089	-410789
-1529178	-410836
-1529266	-410884
-1529354	-410931
-1529442	-410977
-1529530	-411025
-1529618	-411072
-1529707	-411120
-1529795	-411167
-1529883	-411215
-1529971	-411262
-1530059	-411309
-1530147	-411356
-1530235	-411403
-1530324	-411451
-1530413	-411496
-1530501	-411544
-1530589	-411591
-1530677	-411637
-1530766	-411684
-1530854	-411732
-1530942	-411779
-1531030	-411827
-1531118	-411874
-1531206	-411920
-1531295	-411968
-1531382	-412016
-1531470	-412064
-1531557	-412113
-1531644	-412162
-1531730	-412212
-1531817	-412263
-1531904	-412313
-1531990	-412364
-1532076	-412415
-1532162	-412466
-1532247	-412517
-1532333	-412570
-1532417	-412622
-1532502	-412676
-1532587	-412729
-1532673	-412780
-1532759	-412831
-1532843	-412885
-1532929	-412936
-1533015	-412988
-1533100	-413040
-1533184	-413094
-1533268	-413147
-1533353	-413202
-1533436	-413257
-1533521	-413310
-1533605	-413364
-1533689	-413419
-1533772	-413474
-1533856	-413529
-1533939	-413584
-1534023	-413638
-1534106	-413694
-1534190	-413749
-1534273	-413804
-1534357	-413859
-1534440	-413914
-1534523	-413970
-1534606	-414024
-1534689	-414080
-1534773	-414136
-1534856	-414190
-1534940	-414246
-1535024	-414300
-1535108	-414353
-1535192	-414407
-1535276	-414461
-1535361	-414516
-1535445	-414568
-1535530	-414623
-1535614	-414677
-1535698	-414731
-1535782	-414785
-1535866	-414838
-1535950	-414892
-1536035	-414947
-1536117	-415002
-1536200	-415058
-1536283	-415115
-1536366	-415171
-1536449	-415225
-1536532	-415281
-1536615	-415337
-1536698	-415393
-1536781	-415450
-1536863	-415506
-1536946	-415563
-1537028	-415619
-1537111	-415676
-1537193	-415732
-1537276	-415788
-1537359	-415843
-1537441	-415900
-1537525	-415956
-1537608	-416012
-1537691	-416066
-1537775	-416122
-1537858	-416178
-1537941	-416233
-1538024	-416288
-1538107	-416345
-1538190	-416399
-1538273	-416457
-1538355	-416514
-1538437	-416571
-1538519	-416628
-1538601	-416686
-1538681	-416744
-1538762	-416804
-1538841	-416864
-1538921	-416924
-1539001	-416986
-1539081	-417046
-1539160	-417107
-1539240	-417167
-1539320	-417227
-1539400	-417287
-1539480	-417347
-1539560	-417406
-1539641	-417465
-1539721	-417526
-1539801	-417586
-1539880	-417646
-1539959	-417707
-1540039	-417768
-1540118	-417828
-1540197	-417889
-1540277	-417949
-1540357	-418011
-1540437	-418071
-1540517	-418131
-1540597	-418191
-1540677	-418249
-1540757	-418309
-1540837	-418369
-1540917	-418429
-1540997	-418491
-1541076	-418551
-1541155	-418612
-1541234	-418673
-1541313	-418736
-1541391	-418797
-1541470	-418859
-1541548	-418921
-1541626	-418983
-1541704	-419046
-1541781	-419110
-1541858	-419175
-1541934	-419239
-1542010	-419305
-1542084	-419371
-1542159	-419437
-1542233	-419504
-1542309	-419570
-1542383	-419638
-1542457	-419704
-1542531	-419771
-1542606	-419839
-1542681	-419905
-1542755	-419971
-1542829	-420038
-1542903	-420105
-1542979	-420171
-1543054	-420238
-1543129	-420304
-1543204	-420370
-1543278	-420436
-1543352	-420503
-1543426	-420572
-1543501	-420638
-1543575	-420704
-1543651	-420769
-1543726	-420835
-1543803	-420900
-1543880	-420964
-1543957	-421026
-1544036	-421089
-1544114	-421151
-1544193	-421213
-1544271	-421274
-1544350	-421335
-1544430	-421397
-1544508	-421458
-1544587	-421519
-1544665	-421582
-1544743	-421645
-1544821	-421707
-1544899	-421769
-1544978	-421831
-1545056	-421893
-1545135	-421954
-1545214	-422017
-1545292	-422078
-1545371	-422140
-1545450	-422201
-1545529	-422263
-1545608	-422324
-1545686	-422386
-1545765	-422448
-1545844	-422510
-1545923	-422571
-1546003	-422631
-1546084	-422689
-1546165	-422748
-1546246	-422806
-1546328	-422864
-1546409	-422922
-1546491	-422980
-1546573	-423037
-1546655	-423094
-1546737	-423151
-1546820	-423207
-1546903	-423263
-1546985	-423320
-1547067	-423378
-1547149	-423435
-1547231	-423492
-1547313	-423549
-1547395	-423606
-1547477	-423664
-1547558	-423722
-1547639	-423781
-1547720	-423840
-1547800	-423900
-1547879	-423961
-1547957	-424023
-1548036	-424085
-1548113	-424148
-1548190	-424212
-1548265	-424278
-1548341	-424344
-1548417	-424409
-1548492	-424474
-1548569	-424539
-1548645	-424603
-1548722	-424668
-1548798	-424732
-1548872	-424800
-1548946	-424866
-1549021	-424933
-1549098	-424997
-1549176	-425060
-1549255	-425121
-1549334	-425182
-1549413	-425243
-1549494	-425302
-1549575	-425360
-1549657	-425418
-1549738	-425476
-1549820	-425534
-1549901	-425592
-1549983	-425650
-1550064	-425708
-1550146	-425766
-1550227	-425824
-1550309	-425882
-1550391	-425939
-1550472	-425997
-1550555	-426053
-1550637	-426110
-1550719	-426167
-1550802	-426223
-1550884	-426280
-1550967	-426336
-1551050	-426392
-1551132	-426449
-1551215	-426505
-1551297	-426562
-1551380	-426618
-1551463	-426674
-1551545	-426731
-1551628	-426787
-1551711	-426843
-1551793	-426899
-1551876	-426955
-1551960	-427010
-1552043	-427066
-1552125	-427122
-1552208	-427178
-1552291	-427234
-1552375	-427289
-1552458	-427345
-1552541	-427400
-1552624	-427456
-1552708	-427510
-1552792	-427565
-1552876	-427618
-1552960	-427673
-1553043	-427728
-1553128	-427782
-1553212	-427836
-1553296	-427890
-1553381	-427943
-1553466	-427996
-1553550	-428050
-1553635	-428103
-1553719	-428156
-1553804	-428210
-1553888	-428263
-1553974	-428315
-1554059	-428368
-1554144	-428420
-1554229	-428473
-1554314	-428526
-1554399	-428578
-1554484	-428630
-1554570	-428682
-1554655	-428734
-1554741	-428786
-1554827	-428837
-1554913	-428888
-1554999	-428938
-1555086	-428987
-1555174	-429036
-1555261	-429085
-1555348	-429133
-1555436	-429182
-1555523	-429230
-1555610	-429279
-1555698	-429328
-1555785	-429376
-1555872	-429425
-1555960	-429474
-1556047	-429523
-1556134	-429572
-1556220	-429623
-1556306	-429674
-1556393	-429724
-1556479	-429774
-1556565	-429825
-1556652	-429875
-1556738	-429926
-1556824	-429976
-1556911	-430026
-1556998	-430076
-1557085	-430125
-1557173	-430172
-1557260	-430221
-1557347	-430271
-1557432	-430323
-1557517	-430376
-1557600	-430432
-1557683	-430487
-1557768	-430540
-1557854	-430591
-1557940	-430642
-1558027	-430692
-1558115	-430739
-1558204	-430784
-1558294	-430829
-1558384	-430873
-1558474	-430916
-1558565	-430957
-1558657	-430996
-1558749	-431036
-1558841	-431075
-1558933	-431115
-1559024	-431155
-1559116	-431194
-1559208	-431233
-1559301	-431271
-1559393	-431310
-1559485	-431348
-1559578	-431386
-1559671	-431423
-1559763	-431461
-1559856	-431499
-1559948	-431537
-1560041	-431574
-1560134	-431612
-1560227	-431649
-1560320	-431686
-1560413	-431722
-1560506	-431758
-1560600	-431793
-1560693	-431829
-1560787	-431863
-1560881	-431898
-1560975	-431932
-1561069	-431966
-1561163	-431999
-1561257	-432033
-1561351	-432067
-1561446	-432100
-1561540	-432134
-1561634	-432167
-1561729	-432200
-1561823	-432234
-1561917	-432266
-1562012	-432299
-1562106	-432332
-1562201	-432364
-1562296	-432395
-1562391	-432426
-1562486	-432457
-1562581	-432489
-1562676	-432520
-1562771	-432551
-1562866	-432582
-1562962	-432612
-1563057	-432642
-1563152	-432672
-1563248	-432701
-1563344	-432731
-1563439	-432761
-1563535	-432790
-1563630	-432819
-1563726	-432847
-1563822	-432876
-1563918	-432904
-1564014	-432932
-1564110	-432959
-1564206	-432987
-1564303	-433014
-1564399	-433041
-1564495	-433068
-1564592	-433095
-1564688	-433121
-1564784	-433148
-1564881	-433175
-1564977	-433201
-1565074	-433228
-1565170	-433254
-1565267	-433280
-1565363	-433307
-1565460	-433333
-1565556	-433359
-1565653	-433385
-1565749	-433411
-1565846	-433437
-1565942	-433463
-1566039	-433488
-1566136	-433512
-1566233	-433537
-1566330	-433561
-1566427	-433585
-1566525	-433609
-1566622	-433633
-1566719	-433656
-1566816	-433679
-1566914	-433702
-1567011	-433726
-1567108	-433749
-1567205	-433772
-1567303	-433795
-1567400	-433817
-1567497	-433840
-1567595	-433862
-1567693	-433884
-1567790	-433906
-1567888	-433928
-1567985	-433950
-1568083	-433971
-1568181	-433992
-1568278	-434013
-1568376	-434034
-1568474	-434054
-1568572	-434075
-1568670	-434095
-1568768	-434115
-1568866	-434134
-1568964	-434154
-1569062	-434173
-1569160	-434192
-1569258	-434212
-1569357	-434231
-1569455	-434249
-1569553	-434268
-1569651	-434287
-1569750	-434305
-1569848	-434324
-1569946	-434341
-1570045	-434359
-1570143	-434376
-1570242	-434394
-1570340	-434411
-1570439	-434428
-1570537	-434445
-1570636	-434462
-1570734	-434478
-1570833	-434494
-1570932	-434510
-1571031	-434526
-1571129	-434542
-1571228	-434557
-1571327	-434573
-1571426	-434588
-1571525	-434602
-1571624	-434616
-1571723	-434631
-1571822	-434645
-1571921	-434659
-1572020	-434673
-1572119	-434686
-1572218	-434700
-1572317	-434713
-1572416	-434727
-1572515	-434741
-1572614	-434755
-1572713	-434769
-1572812	-434782
-1572911	-434796
-1573010	-434809
-1573109	-434822
-1573208	-434835
-1573308	-434847
-1573407	-434858
-1573506	-434869
-1573606	-434878
-1573706	-434888
-1573805	-434896
-1573905	-434905
-1574004	-434914
-1574104	-434923
-1574204	-434932
-1574303	-434940
-1574403	-434949
-1574503	-434958
-1574602	-434966
-1574702	-434975
-1574801	-434983
-1574901	-434991
-1575001	-434999
-1575100	-435007
-1575200	-435015
-1575300	-435022
-1575399	-435029
-1575499	-435035
-1575599	-435041
-1575699	-435048
-1575799	-435053
-1575899	-435059
-1575999	-435064
-1576098	-435069
-1576198	-435074
-1576298	-435079
-1576398	-435083
-1576498	-435087
-1576598	-435091
-1576698	-435095
-1576798	-435099
-1576898	-435102
-1576998	-435105
-1577098	-435107
-1577198	-435109
-1577298	-435111
-1577398	-435112
-1577498	-435113
-1577598	-435114
-1577698	-435115
-1577798	-435115
-1577898	-435116
-1577998	-435116
-1578098	-435117
-1578198	-435117
-1578298	-435115
-1578398	-435114
-1578498	-435112
-1578598	-435111
-1578698	-435108
-1578798	-435106
-1578898	-435103
-1578998	-435100
-1579098	-435097
-1579198	-435094
-1579298	-435089
-1579397	-435085
-1579497	-435079
-1579597	-435073
-1579697	-435066
-1579797	-435059
-1579896	-435052
-1579996	-435045
-1580096	-435038
-1580196	-435031
-1580295	-435023
-1580395	-435017
-1580495	-435009
-1580594	-435000
-1580694	-434991
-1580794	-434982
-1580893	-434973
-1580993	-434964
-1581093	-434955
-1581192	-434945
-1581292	-434936
-1581391	-434926
-1581491	-434916
-1581590	-434906
-1581690	-434896
-1581789	-434885
-1581888	-434874
-1581988	-434863
-1582087	-434852
-1582187	-434841
-1582286	-434829
-1582385	-434816
-1582484	-434804
-1582583	-434791
-1582682	-434777
-1582781	-434761
-1582880	-434745
-1582978	-434727
-1583077	-434711
-1583175	-434694
-1583274	-434676
-1583373	-434660
-1583471	-434644
-1583570	-434627
-1583669	-434611
-1583767	-434594
-1583865	-434576
-1583964	-434558
-1584062	-434539
-1584160	-434522
-1584259	-434504
-1584357	-434486
-1584456	-434468
-1584554	-434451
-1584652	-434432
-1584751	-434414
-1584849	-434395
-1584947	-434376
-1585045	-434356
-1585143	-434337
-1585241	-434317
-1585339	-434296
-1585436	-434274
-1585534	-434253
-1585632	-434231
-1585729	-434210
-1585827	-434189
-1585925	-434167
-1586022	-434145
-1586120	-434123
-1586217	-434101
-1586315	-434078
-1586412	-434055
-1586509	-434032
-1586606	-434008
-1586704	-433984
-1586801	-433960
-1586898	-433935
-1586994	-433910
-1587091	-433885
-1587188	-433860
-1587285	-433835
-1587382	-433810
-1587479	-433785
-1587575	-433759
-1587672	-433734
-1587769	-433708
-1587865	-433682
-1587962	-433656
-1588059	-433631
-1588155	-433605
-1588252	-433579
-1588348	-433553
-1588445	-433527
-1588541	-433500
-1588638	-433473
-1588734	-433447
-1588830	-433419
-1588926	-433392
-1589022	-433364
-1589119	-433337
-1589214	-433308
-1589310	-433280
-1589406	-433251
-1589502	-433222
-1589598	-433193
-1589693	-433163
-1589788	-433133
-1589884	-433103
-1589979	-433072
-1590074	-433041
-1590169	-433011
-1590264	-432980
-1590360	-432949
-1590455	-432919
-1590550	-432889
-1590646	-432860
-1590741	-432830
-1590837	-432801
-1590933	-432772
-1591029	-432743
-1591125	-432715
-1591221	-432687
-1591317	-432660
-1591413	-432633
-1591509	-432606
-1591606	-432579
-1591702	-432553
-1591799	-432526
-1591895	-432500
-1591991	-432473
-1592088	-432447
-1592184	-432420
-1592281	-432394
-1592377	-432368
-1592474	-432341
-1592570	-432315
-1592667	-432288
-1592763	-432261
-1592859	-432234
-1592956	-432207
-1593052	-432181
-1593148	-432154
-1593245	-432127
-1593341	-432100
-1593437	-432073
-1593533	-432046
-1593630	-432019
-1593726	-431992
-1593823	-431966
-1593919	-431939
-1594015	-431913
-1594112	-431887
-1594209	-431861
-1594305	-431836
-1594402	-431810
-1594499	-431785
-1594595	-431759
-1594692	-431734
-1594789	-431709
-1594886	-431684
-1594983	-431659
-1595080	-431633
-1595176	-431608
-1595273	-431581
-1595369	-431556
-1595466	-431531
-1595563	-431507
-1595661	-431483
-1595758	-431458
-1595855	-431435
-1595952	-431413
-1596050	-431390
-1596147	-431368
-1596245	-431345
-1596342	-431323
-1596440	-431301
-1596537	-431277
-1596634	-431255
-1596732	-431232
-1596829	-431208
-1596925	-431183
-1597022	-431158
-1597119	-431131
-1597215	-431106
-1597312	-431078
-1597408	-431051
-1597505	-431026
-1597601	-430998
-1597697	-430973
-1597795	-430949
-1597891	-430924
-1597988	-430899
-1598085	-430872
-1598181	-430847
-1598278	-430820
-1598375	-430795
-1598471	-430767
-1598567	-430740
-1598663	-430714
-1598760	-430688
-1598857	-430662
-1598953	-430636
-1599050	-430610
-1599147	-430585
-1599243	-430560
-1599340	-430534
-1599437	-430508
-1599534	-430483
-1599631	-430459
-1599728	-430434
-1599824	-430408
-1599921	-430384
-1600018	-430358
